CO_REGSAUD;DS_NOME;Ano;Pop_0a5;Pop_6a9;Pop_10a14;Pop_15a64;Pop_65emais;Pop_Total;PopH_0a5;PopH_6a9;PopH_10a14;PopH_15a64;PopH_65emais;PopH_Total;PopM_0a5;PopM_6a9;PopM_10a14;PopM_15a64;PopM_65emais;PopM_Total;p_Pop_0a5;p_Pop_6a9;p_Pop_10a14;p_Pop_15a64;p_Pop_65emais;p_PopH_0a5;p_PopH_6a9;p_PopH_10a14;p_PopH_15a64;p_PopH_65emais;p_PopM_0a5;p_PopM_6a9;p_PopM_10a14;p_PopM_15a64;p_PopM_65emais
11001;Vale do Jamari;2010;23472;17716;23839;148093;9548;222668;11911;9061;12221;76520;5493;115206;11561;8655;11618;71573;4055;107462;10,54;7,96;10,71;66,51;4,29;10,34;7,87;10,61;66,42;4,77;10,76;8,05;10,81;66,60;3,77
11002;Café;2010;14937;10795;15720;110694;8873;161019;7646;5465;7933;55442;4531;81017;7291;5330;7787;55252;4342;80002;9,28;6,70;9,76;68,75;5,51;9,44;6,75;9,79;68,43;5,59;9,11;6,66;9,73;69,06;5,43
11003;Central;2010;32532;24266;33821;233668;19244;343531;16396;12307;17349;117435;10020;173507;16136;11959;16472;116233;9224;170024;9,47;7,06;9,85;68,02;5,60;9,45;7,09;10,00;67,68;5,77;9,49;7,03;9,69;68,36;5,43
11004;Madeira-Mamoré;2010;53810;37330;51907;358807;19220;521074;27382;18974;26359;182965;9505;265185;26428;18356;25548;175842;9715;255889;10,33;7,16;9,96;68,86;3,69;10,33;7,16;9,94;69,00;3,58;10,33;7,17;9,98;68,72;3,80
11005;Zona da Mata;2010;12604;9426;13300;92211;7700;135241;6365;4801;6923;46972;4204;69265;6239;4625;6377;45239;3496;65976;9,32;6,97;9,83;68,18;5,69;9,19;6,93;9,99;67,81;6,07;9,46;7,01;9,67;68,57;5,30
11006;Cone Sul;2010;13451;9292;13188;94355;7248;137534;6795;4794;6684;47218;3782;69273;6656;4498;6504;47137;3466;68261;9,78;6,76;9,59;68,60;5,27;9,81;6,92;9,65;68,16;5,46;9,75;6,59;9,53;69,05;5,08
11007;Vale do Guaporé;2010;4678;3453;4783;26745;1683;41342;2379;1794;2471;14084;976;21704;2299;1659;2312;12661;707;19638;11,32;8,35;11,57;64,69;4,07;10,96;8,27;11,38;64,89;4,50;11,71;8,45;11,77;64,47;3,60
12001;Alto Acre;2010;7145;5215;6872;36393;3036;58661;3655;2666;3442;18638;1670;30071;3490;2549;3430;17755;1366;28590;12,18;8,89;11,71;62,04;5,18;12,15;8,87;11,45;61,98;5,55;12,21;8,92;12,00;62,10;4,78
12002;Baixo Acre e Purus;2010;55377;39224;53530;306385;20875;475391;28250;20182;27113;150546;10301;236392;27127;19042;26417;155839;10574;238999;11,65;8,25;11,26;64,45;4,39;11,95;8,54;11,47;63,68;4,36;11,35;7,97;11,05;65,20;4,42
12003;Juruá e Tarauacá/Envira;2010;31185;21377;27305;111845;7795;199507;15839;10891;13892;57296;3943;101861;15346;10486;13413;54549;3852;97646;15,63;10,71;13,69;56,06;3,91;15,55;10,69;13,64;56,25;3,87;15,72;10,74;13,74;55,86;3,94
13001;Entorno Manaus e Alto Rio Negro;2010;240917;163625;221008;1410230;83965;2119745;122168;83397;111328;691325;37036;1045254;118749;80228;109680;718905;46929;1074491;11,37;7,72;10,43;66,53;3,96;11,69;7,98;10,65;66,14;3,54;11,05;7,47;10,21;66,91;4,37
13002;Rio Negro e Solimões;2010;36286;25273;33185;146583;10700;252027;18571;12931;17092;76227;5745;130566;17715;12342;16093;70356;4955;121461;14,40;10,03;13,17;58,16;4,25;14,22;9,90;13,09;58,38;4,40;14,58;10,16;13,25;57,92;4,08
13003;Rio Madeira;2010;22547;16274;21644;98040;7158;165663;11461;8342;11191;52242;3869;87105;11086;7932;10453;45798;3289;78558;13,61;9,82;13,07;59,18;4,32;13,16;9,58;12,85;59,98;4,44;14,11;10,10;13,31;58,30;4,19
13004;Médio Amazonas;2010;21135;14957;19007;86789;7242;149130;10795;7677;9725;45250;3839;77286;10340;7280;9282;41539;3403;71844;14,17;10,03;12,75;58,20;4,86;13,97;9,93;12,58;58,55;4,97;14,39;10,13;12,92;57,82;4,74
13005;Baixo Amazonas;2010;32445;22991;28941;120079;10425;214881;16382;11784;14693;63118;5363;111340;16063;11207;14248;56961;5062;103541;15,10;10,70;13,47;55,88;4,85;14,71;10,58;13,20;56,69;4,82;15,51;10,82;13,76;55,01;4,89
13006;Regional Purus;2010;17325;12211;15226;68693;4859;118314;8832;6283;7857;36444;2606;62022;8493;5928;7369;32249;2253;56292;14,64;10,32;12,87;58,06;4,11;14,24;10,13;12,67;58,76;4,20;15,09;10,53;13,09;57,29;4,00
13007;Regional Juruá;2010;19598;13228;16210;63923;4084;117043;10024;6659;8193;33255;2155;60286;9574;6569;8017;30668;1929;56757;16,74;11,30;13,85;54,61;3,49;16,63;11,05;13,59;55,16;3,57;16,87;11,57;14,13;54,03;3,40
13008;Triângulo;2010;20440;13790;16237;68410;4211;123088;10581;7043;8237;35924;2271;64056;9859;6747;8000;32486;1940;59032;16,61;11,20;13,19;55,58;3,42;16,52;11,00;12,86;56,08;3,55;16,70;11,43;13,55;55,03;3,29
13009;Alto Solimões;2010;38560;23982;28971;124547;8034;224094;19338;12201;14888;64580;4257;115264;19222;11781;14083;59967;3777;108830;17,21;10,70;12,93;55,58;3,59;16,78;10,59;12,92;56,03;3,69;17,66;10,83;12,94;55,10;3,47
14001;Centro Norte;2010;48594;32708;42620;240573;12978;377473;24843;16637;21563;120645;6488;190176;23751;16071;21057;119928;6490;187297;12,87;8,66;11,29;63,73;3,44;13,06;8,75;11,34;63,44;3,41;12,68;8,58;11,24;64,03;3,47
14002;Sul;2010;8873;6795;9291;45430;2617;73006;4536;3557;4758;24226;1606;38683;4337;3238;4533;21204;1011;34323;12,15;9,31;12,73;62,23;3,58;11,73;9,20;12,30;62,63;4,15;12,64;9,43;13,21;61,78;2,95
15001;Araguaia;2010;52690;38615;51344;312271;18013;472933;26949;19576;26224;164614;10415;247778;25741;19039;25120;147657;7598;225155;11,14;8,17;10,86;66,03;3,81;10,88;7,90;10,58;66,44;4,20;11,43;8,46;11,16;65,58;3,37
15002;Baixo Amazonas;2010;91800;65218;84859;424131;36468;702476;46373;32960;43173;215720;18247;356473;45427;32258;41686;208411;18221;346003;13,07;9,28;12,08;60,38;5,19;13,01;9,25;12,11;60,52;5,12;13,13;9,32;12,05;60,23;5,27
15003;Carajás;2010;93492;61475;81628;475797;27562;739954;47823;31304;41193;244451;15252;380023;45669;30171;40435;231346;12310;359931;12,63;8,31;11,03;64,30;3,72;12,58;8,24;10,84;64,33;4,01;12,69;8,38;11,23;64,28;3,42
15004;Lago de Tucuruí;2010;48512;33143;44115;234380;12614;372764;24636;16850;22197;120021;7041;190745;23876;16293;21918;114359;5573;182019;13,01;8,89;11,83;62,88;3,38;12,92;8,83;11,64;62,92;3,69;13,12;8,95;12,04;62,83;3,06
15006;Metropolitana I;2010;184414;131731;183190;1429280;113802;2042417;94401;67216;92455;674939;45086;974097;90013;64515;90735;754341;68716;1068320;9,03;6,45;8,97;69,98;5,57;9,69;6,90;9,49;69,29;4,63;8,43;6,04;8,49;70,61;6,43
15007;Metropolitana II;2010;40544;28046;37585;203178;16946;326299;20818;14431;19393;106031;8512;169185;19726;13615;18192;97147;8434;157114;12,43;8,60;11,52;62,27;5,19;12,30;8,53;11,46;62,67;5,03;12,56;8,67;11,58;61,83;5,37
15008;Metropolitana III;2010;99356;72295;95743;519085;40378;826857;50370;36607;48843;263528;20242;419590;48986;35688;46900;255557;20136;407267;12,02;8,74;11,58;62,78;4,88;12,00;8,72;11,64;62,81;4,82;12,03;8,76;11,52;62,75;4,94
15009;Rio Caetés;2010;61003;43824;57374;296894;26700;485795;31153;22300;29428;152758;13390;249029;29850;21524;27946;144136;13310;236766;12,56;9,02;11,81;61,12;5,50;12,51;8,95;11,82;61,34;5,38;12,61;9,09;11,80;60,88;5,62
15010;Tapajós;2010;25699;18333;24847;133026;7626;209531;12779;9409;12660;70388;4305;109541;12920;8924;12187;62638;3321;99990;12,27;8,75;11,86;63,49;3,64;11,67;8,59;11,56;64,26;3,93;12,92;8,92;12,19;62,64;3,32
15011;Tocantins;2010;79039;54896;74224;371203;27817;607179;40304;28105;37830;191911;13507;311657;38735;26791;36394;179292;14310;295522;13,02;9,04;12,22;61,14;4,58;12,93;9,02;12,14;61,58;4,33;13,11;9,07;12,32;60,67;4,84
15012;Xingu;2010;40066;27046;36068;192356;12300;307836;20394;13813;18577;101486;6863;161133;19672;13233;17491;90870;5437;146703;13,02;8,79;11,72;62,49;4,00;12,66;8,57;11,53;62,98;4,26;13,41;9,02;11,92;61,94;3,71
15013;Marajó I;2010;28898;20113;25980;125634;10311;210936;14718;10180;13357;65856;5091;109202;14180;9933;12623;59778;5220;101734;13,70;9,54;12,32;59,56;4,89;13,48;9,32;12,23;60,31;4,66;13,94;9,76;12,41;58,76;5,13
15014;Marajó II;2010;46607;31378;39211;148717;10161;276074;23730;16068;20217;78112;5257;143384;22877;15310;18994;70605;4904;132690;16,88;11,37;14,20;53,87;3,68;16,55;11,21;14,10;54,48;3,67;17,24;11,54;14,31;53,21;3,70
16001;Área Central;2010;53506;37224;51059;287721;15418;444928;27238;19031;25624;141534;7047;220474;26268;18193;25435;146187;8371;224454;12,03;8,37;11,48;64,67;3,47;12,35;8,63;11,62;64,20;3,20;11,70;8,11;11,33;65,13;3,73
16002;Área Norte;2010;8214;5549;6889;31666;1616;53934;4269;2780;3619;16844;900;28412;3945;2769;3270;14822;716;25522;15,23;10,29;12,77;58,71;3,00;15,03;9,78;12,74;59,28;3,17;15,46;10,85;12,81;58,08;2,81
16003;Área Sudoeste;2010;22279;15857;21283;105192;6053;170664;11370;8033;10687;53139;3020;86249;10909;7824;10596;52053;3033;84415;13,05;9,29;12,47;61,64;3,55;13,18;9,31;12,39;61,61;3,50;12,92;9,27;12,55;61,66;3,59
17001;Médio Norte Araguaia;2010;28674;19561;27282;172109;15024;262650;14549;10029;13880;86120;7757;132335;14125;9532;13402;85989;7267;130315;10,92;7,45;10,39;65,53;5,72;10,99;7,58;10,49;65,08;5,86;10,84;7,31;10,28;65,99;5,58
17002;Bico do Papagaio;2010;22972;16619;22398;116742;12363;191094;11742;8448;11617;58996;6377;97180;11230;8171;10781;57746;5986;93914;12,02;8,70;11,72;61,09;6,47;12,08;8,69;11,95;60,71;6,56;11,96;8,70;11,48;61,49;6,37
17003;Sudeste;2010;10037;7458;10818;57554;6509;92376;5068;3839;5642;29826;3304;47679;4969;3619;5176;27728;3205;44697;10,87;8,07;11,71;62,30;7,05;10,63;8,05;11,83;62,56;6,93;11,12;8,10;11,58;62,04;7,17
17004;Cerrado Tocantins Araguaia;2010;15307;11273;15424;94664;9537;146205;7822;5825;7888;48658;5060;75253;7485;5448;7536;46006;4477;70952;10,47;7,71;10,55;64,75;6,52;10,39;7,74;10,48;64,66;6,72;10,55;7,68;10,62;64,84;6,31
17005;Ilha do Bananal;2010;16171;12111;16566;115429;11269;171546;8176;6112;8486;58466;6010;87250;7995;5999;8080;56963;5259;84296;9,43;7,06;9,66;67,29;6,57;9,37;7,01;9,73;67,01;6,89;9,48;7,12;9,59;67,57;6,24
17006;Capim Dourado;2010;32529;21409;29433;206945;11260;301576;16449;10889;14849;102645;5737;150569;16080;10520;14584;104300;5523;151007;10,79;7,10;9,76;68,62;3,73;10,92;7,23;9,86;68,17;3,81;10,65;6,97;9,66;69,07;3,66
17007;Cantão;2010;11832;8663;11421;75320;7412;114648;6025;4479;5893;38794;4020;59211;5807;4184;5528;36526;3392;55437;10,32;7,56;9,96;65,70;6,47;10,18;7,56;9,95;65,52;6,79;10,47;7,55;9,97;65,89;6,12
17008;Amor Perfeito;2010;11278;7818;10918;66064;7272;103350;5741;4001;5530;33880;3795;52947;5537;3817;5388;32184;3477;50403;10,91;7,56;10,56;63,92;7,04;10,84;7,56;10,44;63,99;7,17;10,99;7,57;10,69;63,85;6,90
21001;Açailândia;2010;34781;24661;31390;166679;12323;269834;17705;12694;16010;84214;6600;137223;17076;11967;15380;82465;5723;132611;12,89;9,14;11,63;61,77;4,57;12,90;9,25;11,67;61,37;4,81;12,88;9,02;11,60;62,19;4,32
21002;Bacabal;2010;31027;22643;29442;159919;16831;259862;15704;11529;14847;78423;8036;128539;15323;11114;14595;81496;8795;131323;11,94;8,71;11,33;61,54;6,48;12,22;8,97;11,55;61,01;6,25;11,67;8,46;11,11;62,06;6,70
21003;Balsas;2010;27627;19780;27791;143529;13423;232150;13866;10128;14183;73590;6542;118309;13761;9652;13608;69939;6881;113841;11,90;8,52;11,97;61,83;5,78;11,72;8,56;11,99;62,20;5,53;12,09;8,48;11,95;61,44;6,04
21004;Barra do Corda;2010;29013;19791;25821;128497;12481;215603;14722;10092;13142;65697;6385;110038;14291;9699;12679;62800;6096;105565;13,46;9,18;11,98;59,60;5,79;13,38;9,17;11,94;59,70;5,80;13,54;9,19;12,01;59,49;5,77
21005;Caxias;2010;36317;24783;31745;174151;19640;286636;18431;12556;16198;85086;9057;141328;17886;12227;15547;89065;10583;145308;12,67;8,65;11,08;60,76;6,85;13,04;8,88;11,46;60,20;6,41;12,31;8,41;10,70;61,29;7,28
21006;Chapadinha;2010;46012;31749;41532;208700;22231;350224;23368;16204;21079;105485;11103;177239;22644;15545;20453;103215;11128;172985;13,14;9,07;11,86;59,59;6,35;13,18;9,14;11,89;59,52;6,26;13,09;8,99;11,82;59,67;6,43
21007;Codó;2010;36588;24959;33357;176829;20920;292653;18530;12830;16862;86066;9943;144231;18058;12129;16495;90763;10977;148422;12,50;8,53;11,40;60,42;7,15;12,85;8,90;11,69;59,67;6,89;12,17;8,17;11,11;61,15;7,40
21008;Imperatriz;2010;54706;38386;52375;314978;28833;489278;28104;19432;26381;155635;14155;243707;26602;18954;25994;159343;14678;245571;11,18;7,85;10,70;64,38;5,89;11,53;7,97;10,82;63,86;5,81;10,83;7,72;10,59;64,89;5,98
21009;Itapecuru Mirim;2010;43911;30707;42077;207155;20795;344645;22322;15579;21212;103582;10388;173083;21589;15128;20865;103573;10407;171562;12,74;8,91;12,21;60,11;6,03;12,90;9,00;12,26;59,85;6,00;12,58;8,82;12,16;60,37;6,07
21010;Pedreiras;2010;24364;17046;23005;132571;15205;212191;12307;8633;11677;65271;7188;105076;12057;8413;11328;67300;8017;107115;11,48;8,03;10,84;62,48;7,17;11,71;8,22;11,11;62,12;6,84;11,26;7,85;10,58;62,83;7,48
21011;Pinheiro;2010;45357;32874;42331;227823;25378;373763;23224;16920;21724;115025;12641;189534;22133;15954;20607;112798;12737;184229;12,14;8,80;11,33;60,95;6,79;12,25;8,93;11,46;60,69;6,67;12,01;8,66;11,19;61,23;6,91
21012;Presidente Dutra;2010;32171;22779;31037;172091;19609;277687;16424;11593;15712;85578;9600;138907;15747;11186;15325;86513;10009;138780;11,59;8,20;11,18;61,97;7,06;11,82;8,35;11,31;61,61;6,91;11,35;8,06;11,04;62,34;7,21
21013;Rosário;2010;36449;25511;33331;159191;15600;270082;18551;13264;17032;81755;7905;138507;17898;12247;16299;77436;7695;131575;13,50;9,45;12,34;58,94;5,78;13,39;9,58;12,30;59,03;5,71;13,60;9,31;12,39;58,85;5,85
21014;Santa Inês;2010;48806;34433;44941;221453;23119;372752;24866;17707;22865;109733;11563;186734;23940;16726;22076;111720;11556;186018;13,09;9,24;12,06;59,41;6,20;13,32;9,48;12,24;58,76;6,19;12,87;8,99;11,87;60,06;6,21
21015;São João dos Patos;2010;26729;19003;26503;143573;16735;232543;13462;9633;13252;72115;7984;116446;13267;9370;13251;71458;8751;116097;11,49;8,17;11,40;61,74;7,20;11,56;8,27;11,38;61,93;6,86;11,43;8,07;11,41;61,55;7,54
21016;São Luís;2010;123781;84154;120339;936453;66454;1331181;62505;42928;60262;435793;27479;628967;61276;41226;60077;500660;38975;702214;9,30;6,32;9,04;70,35;4,99;9,94;6,83;9,58;69,29;4,37;8,73;5,87;8,56;71,30;5,55
21017;Timon;2010;26460;19280;25520;147103;14844;233207;13513;9819;13033;71637;6818;114820;12947;9461;12487;75466;8026;118387;11,35;8,27;10,94;63,08;6,37;11,77;8,55;11,35;62,39;5,94;10,94;7,99;10,55;63,75;6,78
21018;Viana;2010;30120;21249;28677;156113;17177;253336;15227;10927;14798;78412;8245;127609;14893;10322;13879;77701;8932;125727;11,89;8,39;11,32;61,62;6,78;11,93;8,56;11,60;61,45;6,46;11,85;8,21;11,04;61,80;7,10
21019;Zé Doca;2010;35784;25258;33813;167567;14740;277162;18277;12681;17182;85358;7720;141218;17507;12577;16631;82209;7020;135944;12,91;9,11;12,20;60,46;5,32;12,94;8,98;12,17;60,44;5,47;12,88;9,25;12,23;60,47;5,16
22001;Carnaubais;2010;14746;11248;15748;101281;14048;157071;7583;5832;8119;49951;6880;78365;7163;5416;7629;51330;7168;78706;9,39;7,16;10,03;64,48;8,94;9,68;7,44;10,36;63,74;8,78;9,10;6,88;9,69;65,22;9,11
22002;Chapada das Mangabeiras;2010;21243;15530;21296;116605;12783;187457;10886;7955;10962;59900;6049;95752;10357;7575;10334;56705;6734;91705;11,33;8,28;11,36;62,20;6,82;11,37;8,31;11,45;62,56;6,32;11,29;8,26;11,27;61,83;7,34
22003;Cocais;2010;39239;29673;41398;244295;30467;385072;19991;15269;21275;121281;14663;192479;19248;14404;20123;123014;15804;192593;10,19;7,71;10,75;63,44;7,91;10,39;7,93;11,05;63,01;7,62;9,99;7,48;10,45;63,87;8,21
22004;Entre Rios;2010;107576;75314;108036;799216;76673;1166815;54949;38404;54768;375045;32900;556066;52627;36910;53268;424171;43773;610749;9,22;6,45;9,26;68,50;6,57;9,88;6,91;9,85;67,45;5,92;8,62;6,04;8,72;69,45;7,17
22005;Planície Litorânea;2010;26305;18993;26971;173309;19624;265202;13384;9656;13712;85238;8875;130865;12921;9337;13259;88071;10749;134337;9,92;7,16;10,17;65,35;7,40;10,23;7,38;10,48;65,13;6,78;9,62;6,95;9,87;65,56;8,00
22006;Serra da Capivara;2010;14211;10491;14358;91010;10668;140738;7314;5259;7381;46062;4959;70975;6897;5232;6977;44948;5709;69763;10,10;7,45;10,20;64,67;7,58;10,31;7,41;10,40;64,90;6,99;9,89;7,50;10,00;64,43;8,18
22007;Tabuleiros do Alto Parnaíba;2010;5167;3609;4862;28242;2785;44665;2587;1801;2416;14410;1383;22597;2580;1808;2446;13832;1402;22068;11,57;8,08;10,89;63,23;6,24;11,45;7,97;10,69;63,77;6,12;11,69;8,19;11,08;62,68;6,35
22008;Vale do Canindé;2010;10123;7577;11024;67004;8764;104492;5228;3788;5640;32985;3999;51640;4895;3789;5384;34019;4765;52852;9,69;7,25;10,55;64,12;8,39;10,12;7,34;10,92;63,87;7,74;9,26;7,17;10,19;64,37;9,02
22009;Vale do Rio Guaribas;2010;33423;25364;35680;236359;29037;359863;17008;12814;18078;116293;13820;178013;16415;12550;17602;120066;15217;181850;9,29;7,05;9,91;65,68;8,07;9,55;7,20;10,16;65,33;7,76;9,03;6,90;9,68;66,02;8,37
22010;Vale do Sambito;2010;9285;7186;9965;66975;10613;104024;4707;3641;5109;32481;5076;51014;4578;3545;4856;34494;5537;53010;8,93;6,91;9,58;64,38;10,20;9,23;7,14;10,01;63,67;9,95;8,64;6,69;9,16;65,07;10,45
22011;Vale dos Rios Piauí e Itaueiras;2010;19084;14735;20576;131307;17259;202961;9646;7564;10521;65002;7923;100656;9438;7171;10055;66305;9336;102305;9,40;7,26;10,14;64,70;8,50;9,58;7,51;10,45;64,58;7,87;9,23;7,01;9,83;64,81;9,13
23001;1ª Região Fortaleza;2010;218263;152124;224463;1841170;170643;2606663;111357;77384;113151;859074;65321;1226287;106906;74740;111312;982096;105322;1380376;8,37;5,84;8,61;70,63;6,55;9,08;6,31;9,23;70,05;5,33;7,74;5,41;8,06;71,15;7,63
23002;2ª Região Caucaia;2010;54597;39722;61205;373675;34861;564060;27822;20150;30880;185033;16079;279964;26775;19572;30325;188642;18782;284096;9,68;7,04;10,85;66,25;6,18;9,94;7,20;11,03;66,09;5,74;9,42;6,89;10,67;66,40;6,61
23003;3ª Região Maracanaú;2010;47574;32663;50660;332329;29113;492339;24286;16837;26185;162410;13148;242866;23288;15826;24475;169919;15965;249473;9,66;6,63;10,29;67,50;5,91;10,00;6,93;10,78;66,87;5,41;9,33;6,34;9,81;68,11;6,40
23004;4ª Região Baturité;2010;12926;9360;14776;84541;11582;133185;6487;4756;7593;42596;5465;66897;6439;4604;7183;41945;6117;66288;9,71;7,03;11,09;63,48;8,70;9,70;7,11;11,35;63,67;8,17;9,71;6,95;10,84;63,28;9,23
23005;5ª Região Canindé;2010;19154;14840;22596;121397;17294;195281;9781;7492;11564;60583;8442;97862;9373;7348;11032;60814;8852;97419;9,81;7,60;11,57;62,17;8,86;9,99;7,66;11,82;61,91;8,63;9,62;7,54;11,32;62,43;9,09
23006;6ª Região Itapipoca;2010;29401;21128;31405;170178;20382;272494;14945;10866;16148;86768;9955;138682;14456;10262;15257;83410;10427;133812;10,79;7,75;11,53;62,45;7,48;10,78;7,84;11,64;62,57;7,18;10,80;7,67;11,40;62,33;7,79
23007;7ª Região Aracati;2010;9734;6903;10373;74359;8315;109684;4955;3643;5356;36942;3763;54659;4779;3260;5017;37417;4552;55025;8,87;6,29;9,46;67,79;7,58;9,07;6,66;9,80;67,59;6,88;8,69;5,92;9,12;68,00;8,27
23008;8ª Região Quixadá;2010;28920;21159;32361;195537;28049;306026;14790;10809;16718;96653;13465;152435;14130;10350;15643;98884;14584;153591;9,45;6,91;10,57;63,90;9,17;9,70;7,09;10,97;63,41;8,83;9,20;6,74;10,18;64,38;9,50
23009;9ª Região Russas;2010;15954;12026;18796;128136;15951;190863;8185;6070;9637;63865;7408;95165;7769;5956;9159;64271;8543;95698;8,36;6,30;9,85;67,14;8,36;8,60;6,38;10,13;67,11;7,78;8,12;6,22;9,57;67,16;8,93
23010;10ª Região Limoeiro do Norte;2010;18512;13951;20826;144321;18782;216392;9477;7073;10584;70876;8774;106784;9035;6878;10242;73445;10008;109608;8,55;6,45;9,62;66,69;8,68;8,87;6,62;9,91;66,37;8,22;8,24;6,28;9,34;67,01;9,13
23011;11ª Região Sobral;2010;57302;43098;67753;389970;49883;608006;29050;21896;34662;192373;22546;300527;28252;21202;33091;197597;27337;307479;9,42;7,09;11,14;64,14;8,20;9,67;7,29;11,53;64,01;7,50;9,19;6,90;10,76;64,26;8,89
23012;12ª Região Acaraú;2010;22652;16223;24352;132982;14575;210784;11646;8369;12420;67250;7119;106804;11006;7854;11932;65732;7456;103980;10,75;7,70;11,55;63,09;6,91;10,90;7,84;11,63;62,97;6,67;10,58;7,55;11,48;63,22;7,17
23013;13ª Região Tianguá;2010;31064;22867;34129;183826;23324;295210;15723;11641;17270;91368;10693;146695;15341;11226;16859;92458;12631;148515;10,52;7,75;11,56;62,27;7,90;10,72;7,94;11,77;62,28;7,29;10,33;7,56;11,35;62,25;8,50
23014;14ª Região Tauá;2010;10079;8141;12134;69744;10780;110878;5165;4104;6160;33872;5285;54586;4914;4037;5974;35872;5495;56292;9,09;7,34;10,94;62,90;9,72;9,46;7,52;11,28;62,05;9,68;8,73;7,17;10,61;63,72;9,76
23015;15ª Região Crateús;2010;26676;20121;30994;183510;29276;290577;13459;10209;15721;89956;13601;142946;13217;9912;15273;93554;15675;147631;9,18;6,92;10,67;63,15;10,08;9,42;7,14;11,00;62,93;9,51;8,95;6,71;10,35;63,37;10,62
23016;16ª Região Camocim;2010;15261;11601;18242;94293;10711;150108;7732;5929;9194;47207;5037;75099;7529;5672;9048;47086;5674;75009;10,17;7,73;12,15;62,82;7,14;10,30;7,89;12,24;62,86;6,71;10,04;7,56;12,06;62,77;7,56
23017;17ª Região Icó;2010;15215;11355;16306;108256;16910;168042;7775;5742;8377;53039;7868;82801;7440;5613;7929;55217;9042;85241;9,05;6,76;9,70;64,42;10,06;9,39;6,93;10,12;64,06;9,50;8,73;6,58;9,30;64,78;10,61
23018;18ª Região Iguatú;2010;27610;19737;29095;200131;30205;306778;14184;10041;14842;97965;14331;151363;13426;9696;14253;102166;15874;155415;9,00;6,43;9,48;65,24;9,85;9,37;6,63;9,81;64,72;9,47;8,64;6,24;9,17;65,74;10,21
23019;19ª Região Brejo Santo;2010;19398;13880;21114;132353;18527;205272;9878;7043;10819;65049;8447;101236;9520;6837;10295;67304;10080;104036;9,45;6,76;10,29;64,48;9,03;9,76;6,96;10,69;64,25;8,34;9,15;6,57;9,90;64,69;9,69
23020;20ª Região Crato;2010;32288;23135;34302;209275;29410;328410;16281;11832;17600;100279;13221;159213;16007;11303;16702;108996;16189;169197;9,83;7,04;10,44;63,72;8,96;10,23;7,43;11,05;62,98;8,30;9,46;6,68;9,87;64,42;9,57
23021;21ª Região Juazeiro do Norte;2010;39733;27658;41261;257102;31492;397246;20294;14149;21025;121779;13067;190314;19439;13509;20236;135323;18425;206932;10,00;6,96;10,39;64,72;7,93;10,66;7,43;11,05;63,99;6,87;9,39;6,53;9,78;65,39;8,90
23022;22ª Região Cascavel;2010;27215;19723;30164;195490;21491;294083;13919;10090;15248;97508;10138;146903;13296;9633;14916;97982;11353;147180;9,25;6,71;10,26;66,47;7,31;9,47;6,87;10,38;66,38;6,90;9,03;6,55;10,13;66,57;7,71
24001;1ª Região de Saúde - São José de Mipibu;2010;35636;26419;37535;224345;27567;351502;18278;13497;19069;112764;12705;176313;17358;12922;18466;111581;14862;175189;10,14;7,52;10,68;63,82;7,84;10,37;7,66;10,82;63,96;7,21;9,91;7,38;10,54;63,69;8,48
24002;2ª Região de Saúde - Mossoró;2010;39657;27479;38260;300981;30563;436940;20215;14133;19514;147357;13472;214691;19442;13346;18746;153624;17091;222249;9,08;6,29;8,76;68,88;6,99;9,42;6,58;9,09;68,64;6,28;8,75;6,00;8,43;69,12;7,69
24003;3ª Região de Saúde - João Câmara;2010;33713;24500;34829;206525;24196;323763;17139;12623;17927;104231;11333;163253;16574;11877;16902;102294;12863;160510;10,41;7,57;10,76;63,79;7,47;10,50;7,73;10,98;63,85;6,94;10,33;7,40;10,53;63,73;8,01
24004;4ª Região de Saúde - Caicó;2010;24605;17840;25698;199309;28274;295726;12508;9057;13056;98169;12523;145313;12097;8783;12642;101140;15751;150413;8,32;6,03;8,69;67,40;9,56;8,61;6,23;8,98;67,56;8,62;8,04;5,84;8,40;67,24;10,47
24005;5ª Região de Saúde - Santa Cruz;2010;17704;13301;19353;118049;17312;185719;8990;6807;9916;59296;7943;92952;8714;6494;9437;58753;9369;92767;9,53;7,16;10,42;63,56;9,32;9,67;7,32;10,67;63,79;8,55;9,39;7,00;10,17;63,33;10,10
24006;6ª Região de Saúde - Pau dos Ferros;2010;21739;16093;22148;158654;23372;242006;11038;8273;11352;77948;10897;119508;10701;7820;10796;80706;12475;122498;8,98;6,65;9,15;65,56;9,66;9,24;6,92;9,50;65,22;9,12;8,74;6,38;8,81;65,88;10,18
24007;7ª Região de Saúde - Metropolitana;2010;100427;69611;102484;838427;76950;1187899;51253;35385;51954;396026;30132;564750;49174;34226;50530;442401;46818;623149;8,45;5,86;8,63;70,58;6,48;9,08;6,27;9,20;70,12;5,34;7,89;5,49;8,11;70,99;7,51
24008;8ª Região de Saúde - Açu;2010;13641;9914;13416;96501;11000;144472;6915;5021;6901;48190;5080;72107;6726;4893;6515;48311;5920;72365;9,44;6,86;9,29;66,80;7,61;9,59;6,96;9,57;66,83;7,05;9,29;6,76;9,00;66,76;8,18
25001;1ª Região Mata Atlântica;2010;107200;75267;102949;821800;81905;1189121;54360;38321;52073;387471;32079;564304;52840;36946;50876;434329;49826;624817;9,02;6,33;8,66;69,11;6,89;9,63;6,79;9,23;68,66;5,68;8,46;5,91;8,14;69,51;7,97
25002;2ª Região;2010;28575;21314;30244;187911;30384;298428;14534;10927;15449;92202;13437;146549;14041;10387;14795;95709;16947;151879;9,58;7,14;10,13;62,97;10,18;9,92;7,46;10,54;62,92;9,17;9,24;6,84;9,74;63,02;11,16
25003;3ª Região;2010;18843;13540;18163;118867;18993;188406;9608;6955;9228;58002;8180;91973;9235;6585;8935;60865;10813;96433;10,00;7,19;9,64;63,09;10,08;10,45;7,56;10,03;63,06;8,89;9,58;6,83;9,27;63,12;11,21
25004;4ª Região;2010;10230;7641;10682;67524;10967;107044;5218;3944;5408;33559;5033;53162;5012;3697;5274;33965;5934;53882;9,56;7,14;9,98;63,08;10,25;9,82;7,42;10,17;63,13;9,47;9,30;6,86;9,79;63,04;11,01
25005;5ª Região;2010;10385;7665;10461;73252;12712;114475;5267;3980;5283;36230;5746;56506;5118;3685;5178;37022;6966;57969;9,07;6,70;9,14;63,99;11,10;9,32;7,04;9,35;64,12;10,17;8,83;6,36;8,93;63,87;12,02
25006;6ª Região;2010;21646;15811;20971;146333;19789;224550;11063;8037;10617;70761;8647;109125;10583;7774;10354;75572;11142;115425;9,64;7,04;9,34;65,17;8,81;10,14;7,36;9,73;64,84;7,92;9,17;6,74;8,97;65,47;9,65
25007;7ª Região;2010;13594;10218;14427;95340;13022;146601;6914;5288;7312;46982;5918;72414;6680;4930;7115;48358;7104;74187;9,27;6,97;9,84;65,03;8,88;9,55;7,30;10,10;64,88;8,17;9,00;6,65;9,59;65,18;9,58
25008;8ª Região;2010;10330;7361;9981;74251;9452;111375;5333;3703;5207;36509;4318;55070;4997;3658;4774;37742;5134;56305;9,27;6,61;8,96;66,67;8,49;9,68;6,72;9,46;66,30;7,84;8,87;6,50;8,48;67,03;9,12
25009;9ª Região;2010;15059;10803;15419;110158;16532;167971;7674;5510;7815;53612;7483;82094;7385;5293;7604;56546;9049;85877;8,97;6,43;9,18;65,58;9,84;9,35;6,71;9,52;65,31;9,12;8,60;6,16;8,85;65,85;10,54
25010;10ª Região;2010;10227;7226;9253;74333;11178;112217;5199;3725;4702;36188;5026;54840;5028;3501;4551;38145;6152;57377;9,11;6,44;8,25;66,24;9,96;9,48;6,79;8,57;65,99;9,16;8,76;6,10;7,93;66,48;10,72
25011;11ª Região;2010;8318;6173;8610;51107;6783;80991;4280;3183;4377;25418;3086;40344;4038;2990;4233;25689;3697;40647;10,27;7,62;10,63;63,10;8,38;10,61;7,89;10,85;63,00;7,65;9,93;7,36;10,41;63,20;9,10
25012;12ª Região;2010;16199;12013;17167;107693;16153;169225;8277;6080;8764;53024;7147;83292;7922;5933;8403;54669;9006;85933;9,57;7,10;10,14;63,64;9,55;9,94;7,30;10,52;63,66;8,58;9,22;6,90;9,78;63,62;10,48
25013;13ª Região;2010;4997;3694;4993;38918;6003;58605;2534;1844;2560;18821;2730;28489;2463;1850;2433;20097;3273;30116;8,53;6,30;8,52;66,41;10,24;8,89;6,47;8,99;66,06;9,58;8,18;6,14;8,08;66,73;10,87
25014;14ª Região;2010;14920;10563;14614;90288;11638;142023;7509;5409;7546;45004;5171;70639;7411;5154;7068;45284;6467;71384;10,51;7,44;10,29;63,57;8,19;10,63;7,66;10,68;63,71;7,32;10,38;7,22;9,90;63,44;9,06
25015;15ª Região;2010;13994;10425;15019;91371;13884;144693;7108;5362;7590;44893;6361;71314;6886;5063;7429;46478;7523;73379;9,67;7,20;10,38;63,15;9,60;9,97;7,52;10,64;62,95;8,92;9,38;6,90;10,12;63,34;10,25
25016;16ª Região;2010;46570;33387;45740;342883;42223;510803;23913;16902;23281;163344;16824;244264;22657;16485;22459;179539;25399;266539;9,12;6,54;8,95;67,13;8,27;9,79;6,92;9,53;66,87;6,89;8,50;6,18;8,43;67,36;9,53
26001;Afogados da Ingazeira;2010;17023;12561;17611;116313;17272;180780;8724;6387;8875;56737;7845;88568;8299;6174;8736;59576;9427;92212;9,42;6,95;9,74;64,34;9,55;9,85;7,21;10,02;64,06;8,86;9,00;6,70;9,47;64,61;10,22
26002;Arcoverde;2010;42746;31270;41214;238447;28925;382602;21737;15897;20662;116300;12990;187586;21009;15373;20552;122147;15935;195016;11,17;8,17;10,77;62,32;7,56;11,59;8,47;11,01;62,00;6,92;10,77;7,88;10,54;62,63;8,17
26003;Caruaru;2010;118918;87905;122044;811396;101206;1241469;60509;44625;61760;390105;44415;601414;58409;43280;60284;421291;56791;640055;9,58;7,08;9,83;65,36;8,15;10,06;7,42;10,27;64,86;7,39;9,13;6,76;9,42;65,82;8,87
26004;Garanhuns;2010;53816;39418;54762;322260;43404;513660;27474;19919;27600;155456;19198;249647;26342;19499;27162;166804;24206;264013;10,48;7,67;10,66;62,74;8,45;11,01;7,98;11,06;62,27;7,69;9,98;7,39;10,29;63,18;9,17
26005;Goiana;2010;29366;21502;30297;198331;23271;302767;14979;10901;15438;96305;10477;148100;14387;10601;14859;102026;12794;154667;9,70;7,10;10,01;65,51;7,69;10,11;7,36;10,42;65,03;7,07;9,30;6,85;9,61;65,96;8,27
26006;Limoeiro;2010;51415;38457;55424;374973;46062;566331;25980;19532;28171;180592;20497;274772;25435;18925;27253;194381;25565;291559;9,08;6,79;9,79;66,21;8,13;9,46;7,11;10,25;65,72;7,46;8,72;6,49;9,35;66,67;8,77
26007;Ouricuri;2010;38029;27367;37777;200598;24095;327866;19089;13865;19188;99043;11098;162283;18940;13502;18589;101555;12997;165583;11,60;8,35;11,52;61,18;7,35;11,76;8,54;11,82;61,03;6,84;11,44;8,15;11,23;61,33;7,85
26008;Palmares;2010;59836;45426;63011;370161;36471;574905;30450;23084;31996;181555;17469;284554;29386;22342;31015;188606;19002;290351;10,41;7,90;10,96;64,39;6,34;10,70;8,11;11,24;63,80;6,14;10,12;7,69;10,68;64,96;6,54
26009;Petrolina;2010;47986;33381;45732;285364;22250;434713;24247;17029;23120;139111;9960;213467;23739;16352;22612;146253;12290;221246;11,04;7,68;10,52;65,64;5,12;11,36;7,98;10,83;65,17;4,67;10,73;7,39;10,22;66,10;5,55
26010;Recife;2010;323262;236246;330569;2741539;277141;3908757;164549;120301;167883;1284919;104878;1842530;158713;115945;162686;1456620;172263;2066227;8,27;6,04;8,46;70,14;7,09;8,93;6,53;9,11;69,74;5,69;7,68;5,61;7,87;70,50;8,34
26011;Salgueiro;2010;15070;10786;14664;87884;10315;138719;7687;5437;7549;43352;4452;68477;7383;5349;7115;44532;5863;70242;10,86;7,78;10,57;63,35;7,44;11,23;7,94;11,02;63,31;6,50;10,51;7,62;10,13;63,40;8,35
26012;Serra Talhada;2010;23012;16440;22426;143079;18922;223879;11809;8379;11326;69447;8322;109283;11203;8061;11100;73632;10600;114596;10,28;7,34;10,02;63,91;8,45;10,81;7,67;10,36;63,55;7,62;9,78;7,03;9,69;64,25;9,25
27001;1ª Região de Saúde;2010;111652;80218;111966;800604;64249;1168689;56693;41126;56530;372432;25485;552266;54959;39092;55436;428172;38764;616423;9,55;6,86;9,58;68,50;5,50;10,27;7,45;10,24;67,44;4,61;8,92;6,34;8,99;69,46;6,29
27002;2ª Região de Saúde;2010;18557;14355;18809;96081;7958;155760;9509;7302;9477;47769;3944;78001;9048;7053;9332;48312;4014;77759;11,91;9,22;12,08;61,69;5,11;12,19;9,36;12,15;61,24;5,06;11,64;9,07;12,00;62,13;5,16
27003;3ª Região de Saúde;2010;24740;18875;26148;131191;12947;213901;12478;9506;13271;64749;6186;106190;12262;9369;12877;66442;6761;107711;11,57;8,82;12,22;61,33;6,05;11,75;8,95;12,50;60,97;5,83;11,38;8,70;11,96;61,69;6,28
27004;4ª Região de Saúde;2010;15771;12187;16302;86903;8622;139785;7954;6238;8279;42786;4057;69314;7817;5949;8023;44117;4565;70471;11,28;8,72;11,66;62,17;6,17;11,48;9,00;11,94;61,73;5,85;11,09;8,44;11,38;62,60;6,48
27005;5ª Região de Saúde;2010;25091;18877;25059;139899;11311;220237;12647;9555;12646;68110;5246;108204;12444;9322;12413;71789;6065;112033;11,39;8,57;11,38;63,52;5,14;11,69;8,83;11,69;62,95;4,85;11,11;8,32;11,08;64,08;5,41
27006;6ª Região de Saúde;2010;21097;15510;21784;125039;11999;195429;10723;7974;10999;61524;5385;96605;10374;7536;10785;63515;6614;98824;10,80;7,94;11,15;63,98;6,14;11,10;8,25;11,39;63,69;5,57;10,50;7,63;10,91;64,27;6,69
27007;7ª Região de Saúde;2010;52094;39039;54938;317349;32011;495431;26319;19664;27650;152903;14667;241203;25775;19375;27288;164446;17344;254228;10,51;7,88;11,09;64,06;6,46;10,91;8,15;11,46;63,39;6,08;10,14;7,62;10,73;64,68;6,82
27008;8ª Região de Saúde;2010;15156;11253;15668;97573;12919;152569;7705;5738;7981;46541;5734;73699;7451;5515;7687;51032;7185;78870;9,93;7,38;10,27;63,95;8,47;10,45;7,79;10,83;63,15;7,78;9,45;6,99;9,75;64,70;9,11
27009;9ª Região de Saúde;2010;26824;19767;29217;135575;15441;226824;13590;9895;14837;66346;7081;111749;13234;9872;14380;69229;8360;115075;11,83;8,71;12,88;59,77;6,81;12,16;8,85;13,28;59,37;6,34;11,50;8,58;12,50;60,16;7,26
27010;10ª Região de Saúde;2010;17924;13211;18272;92164;10298;151869;9175;6742;9286;44682;4651;74536;8749;6469;8986;47482;5647;77333;11,80;8,70;12,03;60,69;6,78;12,31;9,05;12,46;59,95;6,24;11,31;8,37;11,62;61,40;7,30
28001;Aracaju;2010;67844;45537;65412;527821;43126;749740;34435;23176;33175;245722;16513;353021;33409;22361;32237;282099;26613;396719;9,05;6,07;8,72;70,40;5,75;9,75;6,57;9,40;69,61;4,68;8,42;5,64;8,13;71,11;6,71
28002;Estância;2010;24666;18051;25791;146687;13976;229171;12536;9189;13096;72510;6306;113637;12130;8862;12695;74177;7670;115534;10,76;7,88;11,25;64,01;6,10;11,03;8,09;11,52;63,81;5,55;10,50;7,67;10,99;64,20;6,64
28003;Itabaiana;2010;22302;15956;23793;153597;16847;232495;11465;8030;12122;75585;7582;114784;10837;7926;11671;78012;9265;117711;9,59;6,86;10,23;66,06;7,25;9,99;7,00;10,56;65,85;6,61;9,21;6,73;9,91;66,27;7,87
28004;Lagarto;2010;22484;17519;25677;157902;18755;242337;11469;8920;13020;77272;8415;119096;11015;8599;12657;80630;10340;123241;9,28;7,23;10,60;65,16;7,74;9,63;7,49;10,93;64,88;7,07;8,94;6,98;10,27;65,42;8,39
28005;Nossa Senhora da Glória;2010;17491;12715;18157;98660;9159;156182;8837;6485;9328;49600;4477;78727;8654;6230;8829;49060;4682;77455;11,20;8,14;11,63;63,17;5,86;11,22;8,24;11,85;63,00;5,69;11,17;8,04;11,40;63,34;6,04
28006;Nossa Senhora do Socorro;2010;33117;22936;32920;203424;14227;306624;16734;11775;16793;98788;6243;150333;16383;11161;16127;104636;7984;156291;10,80;7,48;10,74;66,34;4,64;11,13;7,83;11,17;65,71;4,15;10,48;7,14;10,32;66,95;5,11
28007;Propriá;2010;16110;11323;16421;96721;10893;151468;8262;5805;8354;48144;4878;75443;7848;5518;8067;48577;6015;76025;10,64;7,48;10,84;63,86;7,19;10,95;7,69;11,07;63,82;6,47;10,32;7,26;10,61;63,90;7,91
29001;Alagoinhas;2010;48491;36801;52505;331857;36770;506424;24538;18762;26442;163342;16164;249248;23953;18039;26063;168515;20606;257176;9,58;7,27;10,37;65,53;7,26;9,84;7,53;10,61;65,53;6,49;9,31;7,01;10,13;65,53;8,01
29002;Barreiras;2010;42379;29403;40831;266287;22042;400942;21525;15054;20728;136872;10770;204949;20854;14349;20103;129415;11272;195993;10,57;7,33;10,18;66,42;5,50;10,50;7,35;10,11;66,78;5,25;10,64;7,32;10,26;66,03;5,75
29003;Brumado;2010;33774;26417;37276;265832;37318;400617;17356;13408;19010;133468;17018;200260;16418;13009;18266;132364;20300;200357;8,43;6,59;9,30;66,36;9,32;8,67;6,70;9,49;66,65;8,50;8,19;6,49;9,12;66,06;10,13
29004;Camaçari;2010;52599;36478;50333;363275;21641;524326;26937;18613;25542;178705;9529;259326;25662;17865;24791;184570;12112;265000;10,03;6,96;9,60;69,28;4,13;10,39;7,18;9,85;68,91;3,67;9,68;6,74;9,36;69,65;4,57
29005;Cruz das Almas;2010;21901;16831;23598;169371;18864;250565;11072;8500;12103;82200;7330;121205;10829;8331;11495;87171;11534;129360;8,74;6,72;9,42;67,60;7,53;9,13;7,01;9,99;67,82;6,05;8,37;6,44;8,89;67,39;8,92
29006;Feira de Santana;2010;96923;72501;100285;724184;79944;1073837;49247;37049;51090;346444;33435;517265;47676;35452;49195;377740;46509;556572;9,03;6,75;9,34;67,44;7,44;9,52;7,16;9,88;66,98;6,46;8,57;6,37;8,84;67,87;8,36
29007;Guanambi;2010;37798;28700;40339;286798;37067;430702;19378;14606;20496;144855;17376;216711;18420;14094;19843;141943;19691;213991;8,78;6,66;9,37;66,59;8,61;8,94;6,74;9,46;66,84;8,02;8,61;6,59;9,27;66,33;9,20
29008;Ibotirama;2010;19295;14950;21292;113674;15027;184238;9855;7625;10787;58811;7050;94128;9440;7325;10505;54863;7977;90110;10,47;8,11;11,56;61,70;8,16;10,47;8,10;11,46;62,48;7,49;10,48;8,13;11,66;60,88;8,85
29009;Ilhéus;2010;31651;23357;32181;212621;23403;323213;16141;11868;16195;105276;11264;160744;15510;11489;15986;107345;12139;162469;9,79;7,23;9,96;65,78;7,24;10,04;7,38;10,08;65,49;7,01;9,55;7,07;9,84;66,07;7,47
29010;Irecê;2010;40970;30062;41050;251857;29604;393543;20661;15335;20941;127195;14053;198185;20309;14727;20109;124662;15551;195358;10,41;7,64;10,43;64,00;7,52;10,43;7,74;10,57;64,18;7,09;10,40;7,54;10,29;63,81;7,96
29011;Itaberaba;2010;24467;19519;26988;153295;20415;244684;12381;9968;13742;76177;9091;121359;12086;9551;13246;77118;11324;123325;10,00;7,98;11,03;62,65;8,34;10,20;8,21;11,32;62,77;7,49;9,80;7,74;10,74;62,53;9,18
29012;Itabuna;2010;47670;35466;48985;337587;42394;512102;24145;17936;25096;164181;20027;251385;23525;17530;23889;173406;22367;260717;9,31;6,93;9,57;65,92;8,28;9,60;7,13;9,98;65,31;7,97;9,02;6,72;9,16;66,51;8,58
29013;Itapetinga;2010;22639;17182;22899;156590;21197;240507;11563;8754;11663;78938;10301;121219;11076;8428;11236;77652;10896;119288;9,41;7,14;9,52;65,11;8,81;9,54;7,22;9,62;65,12;8,50;9,29;7,07;9,42;65,10;9,13
29014;Jacobina;2010;37285;27458;38584;242709;31674;377710;18852;14083;19654;120600;14715;187904;18433;13375;18930;122109;16959;189806;9,87;7,27;10,22;64,26;8,39;10,03;7,49;10,46;64,18;7,83;9,71;7,05;9,97;64,33;8,93
29015;Jequié;2010;45604;34076;47453;321341;43725;492199;23337;17465;24273;159450;19879;244404;22267;16611;23180;161891;23846;247795;9,27;6,92;9,64;65,29;8,88;9,55;7,15;9,93;65,24;8,13;8,99;6,70;9,35;65,33;9,62
29016;Juazeiro;2010;53197;38633;51342;317849;33410;494431;27099;19655;26144;159092;15220;247210;26098;18978;25198;158757;18190;247221;10,76;7,81;10,38;64,29;6,76;10,96;7,95;10,58;64,36;6,16;10,56;7,68;10,19;64,22;7,36
29017;Paulo Afonso;2010;23933;17686;24173;153289;17772;236853;12093;9007;12307;75148;8212;116767;11840;8679;11866;78141;9560;120086;10,10;7,47;10,21;64,72;7,50;10,36;7,71;10,54;64,36;7,03;9,86;7,23;9,88;65,07;7,96
29018;Porto Seguro;2010;37506;27436;36697;223547;18161;343347;19195;14063;18715;111216;9101;172290;18311;13373;17982;112331;9060;171057;10,92;7,99;10,69;65,11;5,29;11,14;8,16;10,86;64,55;5,28;10,70;7,82;10,51;65,67;5,30
29019;Ribeira do Pombal;2010;28083;22430;32644;196570;27120;306847;14153;11423;16612;97881;12876;152945;13930;11007;16032;98689;14244;153902;9,15;7,31;10,64;64,06;8,84;9,25;7,47;10,86;64,00;8,42;9,05;7,15;10,42;64,12;9,26
29020;Salvador;2010;240487;174957;252598;2284407;189819;3142268;121890;88582;128152;1066940;70336;1475900;118597;86375;124446;1217467;119483;1666368;7,65;5,57;8,04;72,70;6,04;8,26;6,00;8,68;72,29;4,77;7,12;5,18;7,47;73,06;7,17
29021;Santa Maria da Vitória;2010;29229;21976;30595;186851;23012;291663;14956;11179;15613;95007;11160;147915;14273;10797;14982;91844;11852;143748;10,02;7,53;10,49;64,06;7,89;10,11;7,56;10,56;64,23;7,54;9,93;7,51;10,42;63,89;8,24
29022;Santo Antônio de Jesus;2010;39276;29697;41663;291090;34944;436670;19980;15125;21028;143627;14991;214751;19296;14572;20635;147463;19953;221919;8,99;6,80;9,54;66,66;8,00;9,30;7,04;9,79;66,88;6,98;8,70;6,57;9,30;66,45;8,99
29023;Seabra;2010;17043;13224;18338;111260;15930;175795;8626;6734;9402;55571;6976;87309;8417;6490;8936;55689;8954;88486;9,69;7,52;10,43;63,29;9,06;9,88;7,71;10,77;63,65;7,99;9,51;7,33;10,10;62,94;10,12
29024;Senhor do Bonfim;2010;27851;21523;29472;183575;23102;285523;14145;10949;15100;91900;10736;142830;13706;10574;14372;91675;12366;142693;9,75;7,54;10,32;64,29;8,09;9,90;7,67;10,57;64,34;7,52;9,61;7,41;10,07;64,25;8,67
29025;Serrinha;2010;57869;45681;63641;386182;50713;604086;29582;23057;32465;193403;23866;302373;28287;22624;31176;192779;26847;301713;9,58;7,56;10,54;63,93;8,39;9,78;7,63;10,74;63,96;7,89;9,38;7,50;10,33;63,89;8,90
29026;Teixeira de Freitas;2010;42088;31100;42480;272233;28958;416859;21286;15870;21738;135945;14222;209061;20802;15230;20742;136288;14736;207798;10,10;7,46;10,19;65,31;6,95;10,18;7,59;10,40;65,03;6,80;10,01;7,33;9,98;65,59;7,09
29027;Valença;2010;31019;22907;31735;190992;17594;294247;15817;11855;16172;96355;8541;148740;15202;11052;15563;94637;9053;145507;10,54;7,78;10,79;64,91;5,98;10,63;7,97;10,87;64,78;5,74;10,45;7,60;10,70;65,04;6,22
29028;Vitória da Conquista;2010;58754;44301;59584;417211;52858;632708;29955;22532;30386;204557;24453;311883;28799;21769;29198;212654;28405;320825;9,29;7,00;9,42;65,94;8,35;9,60;7,22;9,74;65,59;7,84;8,98;6,79;9,10;66,28;8,85
31001;Águas Formosas;2010;5534;4313;5909;36314;5966;58036;2785;2195;2965;18735;2901;29581;2749;2118;2944;17579;3065;28455;9,54;7,43;10,18;62,57;10,28;9,41;7,42;10,02;63,33;9,81;9,66;7,44;10,35;61,78;10,77
31002;Além Paraíba;2010;4114;3154;4663;38089;5771;55791;2095;1593;2365;18709;2399;27161;2019;1561;2298;19380;3372;28630;7,37;5,65;8,36;68,27;10,34;7,71;5,87;8,71;68,88;8,83;7,05;5,45;8,03;67,69;11,78
31003;Alfenas Machado;2010;23879;17506;25747;210640;27604;305376;12252;8889;13094;106326;13190;153751;11627;8617;12653;104314;14414;151625;7,82;5,73;8,43;68,98;9,04;7,97;5,78;8,52;69,15;8,58;7,67;5,68;8,34;68,80;9,51
31004;Almenara;2010;16049;12226;16921;112051;17755;175002;8179;6243;8796;57518;8600;89336;7870;5983;8125;54533;9155;85666;9,17;6,99;9,67;64,03;10,15;9,16;6,99;9,85;64,38;9,63;9,19;6,98;9,48;63,66;10,69
31005;Araçuaí;2010;7346;6048;8832;58066;8121;88413;3779;3075;4508;29733;3398;44493;3567;2973;4324;28333;4723;43920;8,31;6,84;9,99;65,68;9,19;8,49;6,91;10,13;66,83;7,64;8,12;6,77;9,85;64,51;10,75
31006;Araxá;2010;13239;9432;13506;118773;12754;167704;6732;4759;6958;60233;5779;84461;6507;4673;6548;58540;6975;83243;7,89;5,62;8,05;70,82;7,61;7,97;5,63;8,24;71,31;6,84;7,82;5,61;7,87;70,32;8,38
31007;Barbacena;2010;16122;12171;18549;158123;20218;225183;8221;6208;9405;77405;8618;109857;7901;5963;9144;80718;11600;115326;7,16;5,40;8,24;70,22;8,98;7,48;5,65;8,56;70,46;7,84;6,85;5,17;7,93;69,99;10,06
31008;Belo Horizonte Nova Lima Caeté;2010;230442;169101;246942;2285478;253604;3185567;117043;85759;124439;1084087;98960;1510288;113399;83342;122503;1201391;154644;1675279;7,23;5,31;7,75;71,74;7,96;7,75;5,68;8,24;71,78;6,55;6,77;4,97;7,31;71,71;9,23
31009;Betim;2010;55156;40166;59027;434784;34929;624062;28212;20292;29925;216534;15902;310865;26944;19874;29102;218250;19027;313197;8,84;6,44;9,46;69,67;5,60;9,08;6,53;9,63;69,66;5,12;8,60;6,35;9,29;69,68;6,08
31010;Bom Despacho;2010;7347;5829;8389;69677;9616;100858;3705;2968;4341;34819;4348;50181;3642;2861;4048;34858;5268;50677;7,28;5,78;8,32;69,08;9,53;7,38;5,91;8,65;69,39;8,66;7,19;5,65;7,99;68,78;10,40
31011;Brasília de Minas São Francisco;2010;22618;18131;26779;148738;18322;234588;11560;9244;13692;76713;8726;119935;11058;8887;13087;72025;9596;114653;9,64;7,73;11,42;63,40;7,81;9,64;7,71;11,42;63,96;7,28;9,64;7,75;11,41;62,82;8,37
31012;Carangola;2010;10451;8038;11379;83184;10820;123872;5365;4097;5779;42034;5046;62321;5086;3941;5600;41150;5774;61551;8,44;6,49;9,19;67,15;8,73;8,61;6,57;9,27;67,45;8,10;8,26;6,40;9,10;66,86;9,38
31013;Caratinga;2010;15972;12325;17676;128900;17299;192172;8207;6310;9108;64079;8129;95833;7765;6015;8568;64821;9170;96339;8,31;6,41;9,20;67,08;9,00;8,56;6,58;9,50;66,87;8,48;8,06;6,24;8,89;67,28;9,52
31014;Conselheiro Lafaiete Congonhas;2010;22026;16131;24227;203124;22863;288371;11137;8178;12355;100764;9764;142198;10889;7953;11872;102360;13099;146173;7,64;5,59;8,40;70,44;7,93;7,83;5,75;8,69;70,86;6,87;7,45;5,44;8,12;70,03;8,96
31015;Contagem;2010;64199;46461;67421;566139;43990;788210;32439;23389;34011;275192;18477;383508;31760;23072;33410;290947;25513;404702;8,14;5,89;8,55;71,83;5,58;8,46;6,10;8,87;71,76;4,82;7,85;5,70;8,26;71,89;6,30
31016;Coração de Jesus;2010;4172;3119;4831;30943;3914;46979;2146;1613;2356;16005;1826;23946;2026;1506;2475;14938;2088;23033;8,88;6,64;10,28;65,87;8,33;8,96;6,74;9,84;66,84;7,63;8,80;6,54;10,75;64,85;9,07
31017;Coronel Fabriciano Timóteo;2010;17283;12794;18541;152346;16826;217790;8752;6404;9379;73766;7316;105617;8531;6390;9162;78580;9510;112173;7,94;5,87;8,51;69,95;7,73;8,29;6,06;8,88;69,84;6,93;7,61;5,70;8,17;70,05;8,48
31018;Curvelo;2010;14091;10949;16005;118506;15163;174714;6982;5580;8071;58710;6898;86241;7109;5369;7934;59796;8265;88473;8,07;6,27;9,16;67,83;8,68;8,10;6,47;9,36;68,08;8,00;8,04;6,07;8,97;67,59;9,34
31019;Diamantina;2010;14619;11829;17691;108804;13570;166513;7496;6047;9063;54035;5782;82423;7123;5782;8628;54769;7788;84090;8,78;7,10;10,62;65,34;8,15;9,09;7,34;11,00;65,56;7,02;8,47;6,88;10,26;65,13;9,26
31020;Divinópolis Santo Antônio do Monte;2010;32018;23506;34390;305857;33773;429544;16170;11914;17694;151843;15006;212627;15848;11592;16696;154014;18767;216917;7,45;5,47;8,01;71,21;7,86;7,60;5,60;8,32;71,41;7,06;7,31;5,34;7,70;71,00;8,65
31021;Formiga;2010;8275;6514;9660;89614;12576;126639;4304;3323;4899;45032;5719;63277;3971;3191;4761;44582;6857;63362;6,53;5,14;7,63;70,76;9,93;6,80;5,25;7,74;71,17;9,04;6,27;5,04;7,51;70,36;10,82
31022;Francisco Sá;2010;6917;5430;8029;45680;4909;70965;3560;2825;4147;23737;2255;36524;3357;2605;3882;21943;2654;34441;9,75;7,65;11,31;64,37;6,92;9,75;7,73;11,35;64,99;6,17;9,75;7,56;11,27;63,71;7,71
31023;Frutal Iturama;2010;12867;8977;12569;113301;12474;160188;6527;4549;6430;58315;6273;82094;6340;4428;6139;54986;6201;78094;8,03;5,60;7,85;70,73;7,79;7,95;5,54;7,83;71,03;7,64;8,12;5,67;7,86;70,41;7,94
31024;Governador Valadares;2010;34755;26247;38798;274083;36183;410066;17682;13482;19792;131098;15752;197806;17073;12765;19006;142985;20431;212260;8,48;6,40;9,46;66,84;8,82;8,94;6,82;10,01;66,28;7,96;8,04;6,01;8,95;67,36;9,63
31025;Guanhães;2010;9700;8000;12071;72783;11053;113607;4993;4043;6095;36211;4798;56140;4707;3957;5976;36572;6255;57467;8,54;7,04;10,63;64,07;9,73;8,89;7,20;10,86;64,50;8,55;8,19;6,89;10,40;63,64;10,88
31026;Guaxupé;2010;11436;8286;12582;108192;14123;154619;5935;4231;6451;55876;6522;79015;5501;4055;6131;52316;7601;75604;7,40;5,36;8,14;69,97;9,13;7,51;5,35;8,16;70,72;8,25;7,28;5,36;8,11;69,20;10,05
31027;Ipatinga;2010;30743;22256;33112;261417;26877;374405;15659;11267;16789;127483;12376;183574;15084;10989;16323;133934;14501;190831;8,21;5,94;8,84;69,82;7,18;8,53;6,14;9,15;69,45;6,74;7,90;5,76;8,55;70,18;7,60
31028;Itabira;2010;17488;12713;19238;151758;17245;218442;8898;6448;9773;74066;7303;106488;8590;6265;9465;77692;9942;111954;8,01;5,82;8,81;69,47;7,89;8,36;6,06;9,18;69,55;6,86;7,67;5,60;8,45;69,40;8,88
31029;Itajubá;2010;14528;10911;16898;135792;17910;196039;7316;5641;8629;68482;8162;98230;7212;5270;8269;67310;9748;97809;7,41;5,57;8,62;69,27;9,14;7,45;5,74;8,78;69,72;8,31;7,37;5,39;8,45;68,82;9,97
31030;Itaobim;2010;7655;6068;8740;50197;8073;80733;3938;3102;4487;25454;3792;40773;3717;2966;4253;24743;4281;39960;9,48;7,52;10,83;62,18;10,00;9,66;7,61;11,00;62,43;9,30;9,30;7,42;10,64;61,92;10,71
31031;Itaúna;2010;8217;6106;9420;81060;9366;114169;4139;3085;4740;40588;4090;56642;4078;3021;4680;40472;5276;57527;7,20;5,35;8,25;71,00;8,20;7,31;5,45;8,37;71,66;7,22;7,09;5,25;8,14;70,35;9,17
31032;Ituiutaba;2010;13737;9540;14260;127689;19077;184303;7069;4961;7332;63879;9479;92720;6668;4579;6928;63810;9598;91583;7,45;5,18;7,74;69,28;10,35;7,62;5,35;7,91;68,89;10,22;7,28;5,00;7,56;69,67;10,48
31033;Janaúba Monte Azul;2010;24277;18262;26377;177314;19582;265812;12335;9196;13354;88965;9109;132959;11942;9066;13023;88349;10473;132853;9,13;6,87;9,92;66,71;7,37;9,28;6,92;10,04;66,91;6,85;8,99;6,82;9,80;66,50;7,88
31034;Januária;2010;11171;8282;12399;69590;8830;110272;5600;4159;6361;34883;4075;55078;5571;4123;6038;34707;4755;55194;10,13;7,51;11,24;63,11;8,01;10,17;7,55;11,55;63,33;7,40;10,09;7,47;10,94;62,88;8,62
31035;João Monlevade;2010;9999;7459;11197;91839;12154;132648;5051;3828;5608;43884;5202;63573;4948;3631;5589;47955;6952;69075;7,54;5,62;8,44;69,24;9,16;7,95;6,02;8,82;69,03;8,18;7,16;5,26;8,09;69,42;10,06
31036;João Pinheiro;2010;6223;4808;6911;45859;4316;68117;3233;2491;3550;23540;2167;34981;2990;2317;3361;22319;2149;33136;9,14;7,06;10,15;67,32;6,34;9,24;7,12;10,15;67,29;6,19;9,02;6,99;10,14;67,36;6,49
31037;Juiz de Fora Lima Duarte Bom Jardim Min;2010;43569;32194;48278;452753;60918;637712;22228;16425;24492;217369;24900;305414;21341;15769;23786;235384;36018;332298;6,83;5,05;7,57;71,00;9,55;7,28;5,38;8,02;71,17;8,15;6,42;4,75;7,16;70,84;10,84
31038;Lavras;2010;12415;9375;13921;119096;14949;169756;6332;4722;6982;58850;6615;83501;6083;4653;6939;60246;8334;86255;7,31;5,52;8,20;70,16;8,81;7,58;5,66;8,36;70,48;7,92;7,05;5,39;8,04;69,85;9,66
31039;Leopoldina Cataguases;2010;12132;8860;13474;120552;18830;173848;6158;4500;6848;59553;8268;85327;5974;4360;6626;60999;10562;88521;6,98;5,10;7,75;69,34;10,83;7,22;5,27;8,03;69,79;9,69;6,75;4,93;7,49;68,91;11,93
31040;Manga;2010;6109;4906;6849;35268;4515;57647;3130;2427;3521;17824;2142;29044;2979;2479;3328;17444;2373;28603;10,60;8,51;11,88;61,18;7,83;10,78;8,36;12,12;61,37;7,38;10,41;8,67;11,64;60,99;8,30
31041;Manhuaçu;2010;29084;21814;29956;215413;27075;323342;14874;10992;15216;108345;12614;162041;14210;10822;14740;107068;14461;161301;8,99;6,75;9,26;66,62;8,37;9,18;6,78;9,39;66,86;7,78;8,81;6,71;9,14;66,38;8,97
31042;Mantena;2010;5495;4160;6147;45367;6976;68145;2803;2151;3129;22203;3223;33509;2692;2009;3018;23164;3753;34636;8,06;6,10;9,02;66,57;10,24;8,36;6,42;9,34;66,26;9,62;7,77;5,80;8,71;66,88;10,84
31043;Minas Novas Turmalina Capelinha;2010;11262;9138;13373;77408;7336;118517;5752;4568;6770;39055;3037;59182;5510;4570;6603;38353;4299;59335;9,50;7,71;11,28;65,31;6,19;9,72;7,72;11,44;65,99;5,13;9,29;7,70;11,13;64,64;7,25
31044;Montes Claros Bocaiúva;2010;39339;28570;40670;317203;28900;454682;19928;14518;20594;153690;12600;221330;19411;14052;20076;163513;16300;233352;8,65;6,28;8,94;69,76;6,36;9,00;6,56;9,30;69,44;5,69;8,32;6,02;8,60;70,07;6,99
31045;Muriaé;2010;12089;8983;13113;114104;15707;163996;6134;4532;6698;56310;7134;80808;5955;4451;6415;57794;8573;83188;7,37;5,48;8,00;69,58;9,58;7,59;5,61;8,29;69,68;8,83;7,16;5,35;7,71;69,47;10,31
31046;Nanuque;2010;5840;4372;6299;45758;7046;69315;3004;2244;3184;22551;3190;34173;2836;2128;3115;23207;3856;35142;8,43;6,31;9,09;66,01;10,17;8,79;6,57;9,32;65,99;9,33;8,07;6,06;8,86;66,04;10,97
31047;Ouro Preto;2010;13451;9913;14859;119704;12022;169949;6849;5070;7541;58841;4896;83197;6602;4843;7318;60863;7126;86752;7,91;5,83;8,74;70,44;7,07;8,23;6,09;9,06;70,72;5,88;7,61;5,58;8,44;70,16;8,21
31048;Padre Paraíso;2010;6197;4991;6868;36477;5165;59698;3237;2553;3485;18320;2416;30011;2960;2438;3383;18157;2749;29687;10,38;8,36;11,50;61,10;8,65;10,79;8,51;11,61;61,04;8,05;9,97;8,21;11,40;61,16;9,26
31049;Pará de Minas;2010;17919;12735;17687;147339;12425;208105;9086;6577;9065;74723;5560;105011;8833;6158;8622;72616;6865;103094;8,61;6,12;8,50;70,80;5,97;8,65;6,26;8,63;71,16;5,29;8,57;5,97;8,36;70,44;6,66
31050;Passos Piumhi;2010;20833;15347;22623;191081;23765;273649;10752;7833;11585;96812;11171;138153;10081;7514;11038;94269;12594;135496;7,61;5,61;8,27;69,83;8,68;7,78;5,67;8,39;70,08;8,09;7,44;5,55;8,15;69,57;9,29
31051;Patos de Minas;2010;24987;19001;27778;233236;27505;332507;12735;9612;14200;117416;12698;166661;12252;9389;13578;115820;14807;165846;7,51;5,71;8,35;70,14;8,27;7,64;5,77;8,52;70,45;7,62;7,39;5,66;8,19;69,84;8,93
31052;Patrocínio Monte Carmelo;2010;14452;10805;15818;128284;13858;183217;7483;5498;8102;65601;6509;93193;6969;5307;7716;62683;7349;90024;7,89;5,90;8,63;70,02;7,56;8,03;5,90;8,69;70,39;6,98;7,74;5,90;8,57;69,63;8,16
31053;Pedra Azul;2010;5049;3924;5419;32760;4252;51404;2530;2018;2736;16429;1972;25685;2519;1906;2683;16331;2280;25719;9,82;7,63;10,54;63,73;8,27;9,85;7,86;10,65;63,96;7,68;9,79;7,41;10,43;63,50;8,87
31054;Pirapora;2010;13221;9687;13658;93038;8752;138356;6704;4924;6998;46559;4108;69293;6517;4763;6660;46479;4644;69063;9,56;7,00;9,87;67,25;6,33;9,67;7,11;10,10;67,19;5,93;9,44;6,90;9,64;67,30;6,72
31055;Poços de Caldas;2010;15352;10915;16177;152913;20390;215747;7752;5495;8194;75093;9143;105677;7600;5420;7983;77820;11247;110070;7,12;5,06;7,50;70,88;9,45;7,34;5,20;7,75;71,06;8,65;6,90;4,92;7,25;70,70;10,22
31056;Ponte Nova;2010;15915;12416;18355;142824;22746;212256;8038;6295;9370;70500;9869;104072;7877;6121;8985;72324;12877;108184;7,50;5,85;8,65;67,29;10,72;7,72;6,05;9,00;67,74;9,48;7,28;5,66;8,31;66,85;11,90
31057;Pouso Alegre;2010;37295;27230;40393;348621;42406;495945;19060;13846;20428;177018;20420;250772;18235;13384;19965;171603;21986;245173;7,52;5,49;8,14;70,29;8,55;7,60;5,52;8,15;70,59;8,14;7,44;5,46;8,14;69,99;8,97
31058;Resplendor;2010;7233;5342;7902;58219;9298;87994;3699;2694;4007;28466;4289;43155;3534;2648;3895;29753;5009;44839;8,22;6,07;8,98;66,16;10,57;8,57;6,24;9,29;65,96;9,94;7,88;5,91;8,69;66,36;11,17
31059;Salinas Taiobeiras;2010;17659;14239;20818;128806;16477;197999;8988;7248;10571;64970;7575;99352;8671;6991;10247;63836;8902;98647;8,92;7,19;10,51;65,05;8,32;9,05;7,30;10,64;65,39;7,62;8,79;7,09;10,39;64,71;9,02
31060;Santa Maria do Suaçuí São João Evangeli;2010;9250;7532;11271;63931;10007;101991;4757;3744;5711;32218;4391;50821;4493;3788;5560;31713;5616;51170;9,07;7,38;11,05;62,68;9,81;9,36;7,37;11,24;63,40;8,64;8,78;7,40;10,87;61,98;10,98
31061;Santo Antônio do Amparo Campo Belo;2010;13970;10871;15904;134267;19283;194295;7058;5527;8101;67416;8688;96790;6912;5344;7803;66851;10595;97505;7,19;5,60;8,19;69,10;9,92;7,29;5,71;8,37;69,65;8,98;7,09;5,48;8,00;68,56;10,87
31062;Santos Dumont;2010;3580;2564;4156;35309;4856;50465;1848;1286;2107;17382;2006;24629;1732;1278;2049;17927;2850;25836;7,09;5,08;8,24;69,97;9,62;7,50;5,22;8,55;70,58;8,14;6,70;4,95;7,93;69,39;11,03
31063;São João del Rei;2010;16129;12669;18372;159087;20921;227178;8128;6427;9296;78975;8919;111745;8001;6242;9076;80112;12002;115433;7,10;5,58;8,09;70,03;9,21;7,27;5,75;8,32;70,67;7,98;6,93;5,41;7,86;69,40;10,40
31064;São João Nepomuceno Bicas;2010;4957;3677;5642;47415;7522;69213;2452;1840;2828;23391;3321;33832;2505;1837;2814;24024;4201;35381;7,16;5,31;8,15;68,51;10,87;7,25;5,44;8,36;69,14;9,82;7,08;5,19;7,95;67,90;11,87
31065;São Lourenço;2010;18751;14120;20847;172094;24639;250451;9515;7100;10628;85680;11225;124148;9236;7020;10219;86414;13414;126303;7,49;5,64;8,32;68,71;9,84;7,66;5,72;8,56;69,01;9,04;7,31;5,56;8,09;68,42;10,62
31066;São Sebastião do Paraíso;2010;8947;6643;10119;82385;11871;119965;4554;3383;5160;41580;5384;60061;4393;3260;4959;40805;6487;59904;7,46;5,54;8,43;68,67;9,90;7,58;5,63;8,59;69,23;8,96;7,33;5,44;8,28;68,12;10,83
31067;Sete Lagoas;2010;31776;23979;35562;287535;31735;410587;16346;12261;18152;141908;13899;202566;15430;11718;17410;145627;17836;208021;7,74;5,84;8,66;70,03;7,73;8,07;6,05;8,96;70,06;6,86;7,42;5,63;8,37;70,01;8,57
31068;Teófilo Otoni Malacacheta Itambacuri;2010;28961;22793;32617;202859;29179;316409;14534;11558;16639;99186;12542;154459;14427;11235;15978;103673;16637;161950;9,15;7,20;10,31;64,11;9,22;9,41;7,48;10,77;64,22;8,12;8,91;6,94;9,87;64,02;10,27
31069;Três Corações;2010;10184;7720;11537;84845;9582;123868;5191;3901;5910;42711;4272;61985;4993;3819;5627;42134;5310;61883;8,22;6,23;9,31;68,50;7,74;8,37;6,29;9,53;68,91;6,89;8,07;6,17;9,09;68,09;8,58
31070;Três Pontas;2010;9392;7435;11100;82360;10097;120384;4759;3814;5645;41215;4663;60096;4633;3621;5455;41145;5434;60288;7,80;6,18;9,22;68,41;8,39;7,92;6,35;9,39;68,58;7,76;7,68;6,01;9,05;68,25;9,01
31071;Ubá;2010;21946;16555;24199;201825;27250;291775;11155;8357;12245;101321;12482;145560;10791;8198;11954;100504;14768;146215;7,52;5,67;8,29;69,17;9,34;7,66;5,74;8,41;69,61;8,58;7,38;5,61;8,18;68,74;10,10
31072;Uberaba;2010;28282;19223;27726;263749;30940;369920;14410;9873;14282;131106;13352;183023;13872;9350;13444;132643;17588;186897;7,65;5,20;7,50;71,30;8,36;7,87;5,39;7,80;71,63;7,30;7,42;5,00;7,19;70,97;9,41
31073;Uberlândia Araguari;2010;63514;44150;62069;581932;59761;811426;32433;22424;31688;286186;26346;399077;31081;21726;30381;295746;33415;412349;7,83;5,44;7,65;71,72;7,36;8,13;5,62;7,94;71,71;6,60;7,54;5,27;7,37;71,72;8,10
31074;Unaí;2010;23332;17463;25024;170571;15940;252330;11915;8947;12820;86921;7753;128356;11417;8516;12204;83650;8187;123974;9,25;6,92;9,92;67,60;6,32;9,28;6,97;9,99;67,72;6,04;9,21;6,87;9,84;67,47;6,60
31075;Varginha;2010;14268;10431;15213;129878;14013;183803;7062;5148;7680;64240;6187;90317;7206;5283;7533;65638;7826;93486;7,76;5,68;8,28;70,66;7,62;7,82;5,70;8,50;71,13;6,85;7,71;5,65;8,06;70,21;8,37
31076;Vespasiano;2010;23031;17781;25905;195556;17227;279500;11744;9073;13222;95565;7408;137012;11287;8708;12683;99991;9819;142488;8,24;6,36;9,27;69,97;6,16;8,57;6,62;9,65;69,75;5,41;7,92;6,11;8,90;70,18;6,89
31077;Viçosa;2010;9320;7098;10776;91596;11425;130215;4715;3573;5538;45394;5122;64342;4605;3525;5238;46202;6303;65873;7,16;5,45;8,28;70,34;8,77;7,33;5,55;8,61;70,55;7,96;6,99;5,35;7,95;70,14;9,57
32001;Central;2010;48816;35690;50239;395905;40652;571302;24741;18171;25470;198016;18472;284870;24075;17519;24769;197889;22180;286432;8,54;6,25;8,79;69,30;7,12;8,69;6,38;8,94;69,51;6,48;8,41;6,12;8,65;69,09;7,74
32002;Metropolitana;2010;161890;114178;162224;1367571;129530;1935393;82534;58163;82056;666223;54527;943503;79356;56015;80168;701348;75003;991890;8,36;5,90;8,38;70,66;6,69;8,75;6,16;8,70;70,61;5,78;8,00;5,65;8,08;70,71;7,56
32003;Norte;2010;34727;25827;36326;260266;27715;384861;17583;13072;18543;130220;13102;192520;17144;12755;17783;130046;14613;192341;9,02;6,71;9,44;67,63;7,20;9,13;6,79;9,63;67,64;6,81;8,91;6,63;9,25;67,61;7,60
32004;Sul;2010;50819;37389;53517;429951;51720;623396;25709;19179;27400;214177;23860;310325;25110;18210;26117;215774;27860;313071;8,15;6,00;8,58;68,97;8,30;8,28;6,18;8,83;69,02;7,69;8,02;5,82;8,34;68,92;8,90
33001;Baia da Ilha Grande;2010;20580;15715;22686;170466;14053;243500;10355;7995;11436;85064;6742;121592;10225;7720;11250;85402;7311;121908;8,45;6,45;9,32;70,01;5,77;8,52;6,58;9,41;69,96;5,54;8,39;6,33;9,23;70,05;6,00
33002;Baixada Litorânea;2010;56871;41407;60329;469422;51464;679493;29176;21150;30780;228967;23372;333445;27695;20257;29549;240455;28092;346048;8,37;6,09;8,88;69,08;7,57;8,75;6,34;9,23;68,67;7,01;8,00;5,85;8,54;69,49;8,12
33003;Centro-Sul;2010;23501;17459;26776;222311;29304;319351;11960;8912;13610;107908;12698;155088;11541;8547;13166;114403;16606;164263;7,36;5,47;8,38;69,61;9,18;7,71;5,75;8,78;69,58;8,19;7,03;5,20;8,02;69,65;10,11
33004;Médio Paraíba;2010;63644;46579;69729;603958;71283;855193;32176;23739;35688;290602;30002;412207;31468;22840;34041;313356;41281;442986;7,44;5,45;8,15;70,62;8,34;7,81;5,76;8,66;70,50;7,28;7,10;5,16;7,68;70,74;9,32
33005;Metropolitana I;2010;736745;539675;799351;6891512;906327;9873610;373489;274407;405308;3269360;346485;4669049;363256;265268;394043;3622152;559842;5204561;7,46;5,47;8,10;69,80;9,18;8,00;5,88;8,68;70,02;7,42;6,98;5,10;7,57;69,60;10,76
33006;Metropolitana II;2010;135687;100931;153222;1377726;172825;1940391;68579;51116;78029;656161;69471;923356;67108;49815;75193;721565;103354;1017035;6,99;5,20;7,90;71,00;8,91;7,43;5,54;8,45;71,06;7,52;6,60;4,90;7,39;70,95;10,16
33007;Noroeste;2010;24082;18305;26200;227235;34271;330093;12303;9366;13305;111374;15457;161805;11779;8939;12895;115861;18814;168288;7,30;5,55;7,94;68,84;10,38;7,60;5,79;8,22;68,83;9,55;7,00;5,31;7,66;68,85;11,18
33008;Norte;2010;71089;49878;71621;581173;63154;836915;36066;25349;36106;283529;27452;408502;35023;24529;35515;297644;35702;428413;8,49;5,96;8,56;69,44;7,55;8,83;6,21;8,84;69,41;6,72;8,18;5,73;8,29;69,48;8,33
33009;Serrana;2010;67123;51335;75119;633098;84708;911383;34038;26089;38244;306349;35915;440635;33085;25246;36875;326749;48793;470748;7,36;5,63;8,24;69,47;9,29;7,72;5,92;8,68;69,52;8,15;7,03;5,36;7,83;69,41;10,36
35011;Alto do Tietê;2010;239044;172910;250376;1858805;142604;2663739;121755;87788;126733;905241;60558;1302075;117289;85122;123643;953564;82046;1361664;8,97;6,49;9,40;69,78;5,35;9,35;6,74;9,73;69,52;4,65;8,61;6,25;9,08;70,03;6,03
35012;Franco da Rocha;2010;47141;33904;49744;363022;23864;517675;24025;17440;25490;181664;10749;259368;23116;16464;24254;181358;13115;258307;9,11;6,55;9,61;70,13;4,61;9,26;6,72;9,83;70,04;4,14;8,95;6,37;9,39;70,21;5,08
35013;Mananciais;2010;89777;63845;92789;692826;47761;986998;45697;32439;46984;336699;20687;482506;44080;31406;45805;356127;27074;504492;9,10;6,47;9,40;70,20;4,84;9,47;6,72;9,74;69,78;4,29;8,74;6,23;9,08;70,59;5,37
35014;Rota dos Bandeirantes;2010;151070;106211;152988;1211844;88619;1710732;76724;53862;77282;585023;37178;830069;74346;52349;75706;626821;51441;880663;8,83;6,21;8,94;70,84;5,18;9,24;6,49;9,31;70,48;4,48;8,44;5,94;8,60;71,18;5,84
35015;Grande ABC;2010;195850;136817;198544;1835673;184444;2551328;99811;69454;100277;886053;75360;1230955;96039;67363;98267;949620;109084;1320373;7,68;5,36;7,78;71,95;7,23;8,11;5,64;8,15;71,98;6,12;7,27;5,10;7,44;71,92;8,26
35016;São Paulo;2010;860713;608493;867430;8001784;915083;11253503;437616;309765;438356;3789901;352994;5328632;423097;298728;429074;4211883;562089;5924871;7,65;5,41;7,71;71,10;8,13;8,21;5,81;8,23;71,12;6,62;7,14;5,04;7,24;71,09;9,49
35021;Central do DRS II;2010;19521;13379;20200;198374;26877;278351;9943;6798;10493;97992;11647;136873;9578;6581;9707;100382;15230;141478;7,01;4,81;7,26;71,27;9,66;7,26;4,97;7,67;71,59;8,51;6,77;4,65;6,86;70,95;10,76
35022;Lagos do DRS II;2010;13228;9115;13981;135146;19019;190489;6703;4669;7056;70102;8906;97436;6525;4446;6925;65044;10113;93053;6,94;4,79;7,34;70,95;9,98;6,88;4,79;7,24;71,95;9,14;7,01;4,78;7,44;69,90;10,87
35023;Consórcios do DRS II;2010;18622;12572;18683;177088;23518;250483;9547;6362;9405;88476;10628;124418;9075;6210;9278;88612;12890;126065;7,43;5,02;7,46;70,70;9,39;7,67;5,11;7,56;71,11;8,54;7,20;4,93;7,36;70,29;10,22
35031;Central do DRS III;2010;20933;14254;21331;204120;25062;285700;10693;7239;10761;100282;10478;139453;10240;7015;10570;103838;14584;146247;7,33;4,99;7,47;71,45;8,77;7,67;5,19;7,72;71,91;7,51;7,00;4,80;7,23;71,00;9,97
35032;Centro Oeste do DRS III;2010;9662;6922;9798;93054;12288;131724;4854;3499;4909;46789;5592;65643;4808;3423;4889;46265;6696;66081;7,34;5,25;7,44;70,64;9,33;7,39;5,33;7,48;71,28;8,52;7,28;5,18;7,40;70,01;10,13
35033;Norte do DRS III;2010;10895;7797;11441;104280;12536;146949;5529;3949;5925;52002;5573;72978;5366;3848;5516;52278;6963;73971;7,41;5,31;7,79;70,96;8,53;7,58;5,41;8,12;71,26;7,64;7,25;5,20;7,46;70,67;9,41
35034;Coração do DRS III;2010;26604;18441;26641;252717;31481;355884;13641;9471;13622;125740;13553;176027;12963;8970;13019;126977;17928;179857;7,48;5,18;7,49;71,01;8,85;7,75;5,38;7,74;71,43;7,70;7,21;4,99;7,24;70,60;9,97
35041;Baixada Santista;2010;134962;95364;136695;1146402;150713;1664136;68730;48880;69196;548976;60919;796701;66232;46484;67499;597426;89794;867435;8,11;5,73;8,21;68,89;9,06;8,63;6,14;8,69;68,91;7,65;7,64;5,36;7,78;68,87;10,35
35051;Norte - Barretos;2010;20407;14058;20241;189063;24777;268546;10412;7235;10450;93716;10796;132609;9995;6823;9791;95347;13981;135937;7,60;5,23;7,54;70,40;9,23;7,85;5,46;7,88;70,67;8,14;7,35;5,02;7,20;70,14;10,28
35052;Sul - Barretos;2010;10310;7330;11085;98415;13581;140721;5260;3833;5676;48985;5871;69625;5050;3497;5409;49430;7710;71096;7,33;5,21;7,88;69,94;9,65;7,55;5,51;8,15;70,36;8,43;7,10;4,92;7,61;69,53;10,84
35061;Vale do Jurumirim;2010;22686;16072;23433;191070;24124;277385;11497;8194;11875;97122;10977;139665;11189;7878;11558;93948;13147;137720;8,18;5,79;8,45;68,88;8,70;8,23;5,87;8,50;69,54;7,86;8,12;5,72;8,39;68,22;9,55
35062;Bauru;2010;44165;31760;46111;418670;52613;593319;22499;16175;23600;210041;22235;294550;21666;15585;22511;208629;30378;298769;7,44;5,35;7,77;70,56;8,87;7,64;5,49;8,01;71,31;7,55;7,25;5,22;7,53;69,83;10,17
35063;Polo Cuesta;2010;22459;16059;23087;192281;25440;279326;11528;8181;11772;95445;11228;138154;10931;7878;11315;96836;14212;141172;8,04;5,75;8,27;68,84;9,11;8,34;5,92;8,52;69,09;8,13;7,74;5,58;8,02;68,59;10,07
35064;Jaú;2010;24530;17036;24612;223900;29418;319496;12557;8776;12456;111723;12692;158204;11973;8260;12156;112177;16726;161292;7,68;5,33;7,70;70,08;9,21;7,94;5,55;7,87;70,62;8,02;7,42;5,12;7,54;69,55;10,37
35065;Lins;2010;11447;8091;12016;108291;15252;155097;5808;4133;6163;54168;6624;76896;5639;3958;5853;54123;8628;78201;7,38;5,22;7,75;69,82;9,83;7,55;5,37;8,01;70,44;8,61;7,21;5,06;7,48;69,21;11,03
35071;Bragança;2010;30993;22691;33905;290657;38409;416655;15837;11528;17508;144178;17427;206478;15156;11163;16397;146479;20982;210177;7,44;5,45;8,14;69,76;9,22;7,67;5,58;8,48;69,83;8,44;7,21;5,31;7,80;69,69;9,98
35072;Região Metropolitana de Campinas;2010;210841;146219;213941;2014731;207453;2793185;107549;74622;108798;992152;88537;1371658;103292;71597;105143;1022579;118916;1421527;7,55;5,23;7,66;72,13;7,43;7,84;5,44;7,93;72,33;6,45;7,27;5,04;7,40;71,94;8,37
35073;Jundiaí;2010;55876;38326;54058;498492;51972;698724;28404;19408;27698;246719;22306;344535;27472;18918;26360;251773;29666;354189;8,00;5,49;7,74;71,34;7,44;8,24;5,63;8,04;71,61;6,47;7,76;5,34;7,44;71,08;8,38
35074;Circuito das Águas;2010;8295;6142;8961;86761;13187;123346;4198;3148;4590;42970;5766;60672;4097;2994;4371;43791;7421;62674;6,72;4,98;7,26;70,34;10,69;6,92;5,19;7,57;70,82;9,50;6,54;4,78;6,97;69,87;11,84
35081;Três Colinas;2010;31445;22994;32496;270197;29572;386704;15743;11794;16610;132992;12965;190104;15702;11200;15886;137205;16607;196600;8,13;5,95;8,40;69,87;7,65;8,28;6,20;8,74;69,96;6,82;7,99;5,70;8,08;69,79;8,45
35082;Alta Anhanguera;2010;11809;8327;11668;103819;11319;146942;5940;4205;5990;51939;4953;73027;5869;4122;5678;51880;6366;73915;8,04;5,67;7,94;70,65;7,70;8,13;5,76;8,20;71,12;6,78;7,94;5,58;7,68;70,19;8,61
35083;Alta Mogiana;2010;9379;6642;9242;80635;10263;116161;4709;3310;4645;40254;4548;57466;4670;3332;4597;40381;5715;58695;8,07;5,72;7,96;69,42;8,84;8,19;5,76;8,08;70,05;7,91;7,96;5,68;7,83;68,80;9,74
35091;Adamantina;2010;8224;5883;8786;90775;14619;128287;4208;3030;4490;48506;6642;66876;4016;2853;4296;42269;7977;61411;6,41;4,59;6,85;70,76;11,40;6,29;4,53;6,71;72,53;9,93;6,54;4,65;7,00;68,83;12,99
35092;Assis;2010;17730;12234;18178;165400;22646;236188;9120;6219;9266;82090;9925;116620;8610;6015;8912;83310;12721;119568;7,51;5,18;7,70;70,03;9,59;7,82;5,33;7,95;70,39;8,51;7,20;5,03;7,45;69,68;10,64
35093;Marília;2010;26150;18788;28422;252799;35355;361514;13261;9636;14536;123966;15390;176789;12889;9152;13886;128833;19965;184725;7,23;5,20;7,86;69,93;9,78;7,50;5,45;8,22;70,12;8,71;6,98;4,95;7,52;69,74;10,81
35094;Ourinhos;2010;17544;12253;17847;149487;20740;217871;8882;6301;9132;73498;9174;106987;8662;5952;8715;75989;11566;110884;8,05;5,62;8,19;68,61;9,52;8,30;5,89;8,54;68,70;8,57;7,81;5,37;7,86;68,53;10,43
35095;Tupã;2010;8859;6411;9070;85784;14424;124548;4480;3291;4677;42428;6471;61347;4379;3120;4393;43356;7953;63201;7,11;5,15;7,28;68,88;11,58;7,30;5,36;7,62;69,16;10,55;6,93;4,94;6,95;68,60;12,58
35101;Araras;2010;23872;16427;24583;218999;26030;309911;12143;8335;12576;109445;11253;153752;11729;8092;12007;109554;14777;156159;7,70;5,30;7,93;70,67;8,40;7,90;5,42;8,18;71,18;7,32;7,51;5,18;7,69;70,16;9,46
35102;Limeira;2010;25402;17976;26274;237536;25664;332852;13043;9248;13334;117537;11345;164507;12359;8728;12940;119999;14319;168345;7,63;5,40;7,89;71,36;7,71;7,93;5,62;8,11;71,45;6,90;7,34;5,18;7,69;71,28;8,51
35103;Piracicaba;2010;40648;29016;41971;375833;44759;532227;20734;14754;21338;186365;19145;262336;19914;14262;20633;189468;25614;269891;7,64;5,45;7,89;70,62;8,41;7,90;5,62;8,13;71,04;7,30;7,38;5,28;7,64;70,20;9,49
35104;Rio Claro;2010;17556;12324;18017;168635;21062;237594;8999;6266;9038;84929;8850;118082;8557;6058;8979;83706;12212;119512;7,39;5,19;7,58;70,98;8,86;7,62;5,31;7,65;71,92;7,49;7,16;5,07;7,51;70,04;10,22
35111;Alta Paulista;2010;8397;6010;9020;87974;14289;125690;4318;3047;4628;45766;6620;64379;4079;2963;4392;42208;7669;61311;6,68;4,78;7,18;69,99;11,37;6,71;4,73;7,19;71,09;10,28;6,65;4,83;7,16;68,84;12,51
35112;Alta Sorocabana;2010;27671;19772;29174;266303;37157;380077;14123;10309;14777;130301;16506;186016;13548;9463;14397;136002;20651;194061;7,28;5,20;7,68;70,07;9,78;7,59;5,54;7,94;70,05;8,87;6,98;4,88;7,42;70,08;10,64
35113;Alto Capivari;2010;4427;3227;4578;38494;5362;56088;2315;1620;2295;19119;2431;27780;2112;1607;2283;19375;2931;28308;7,89;5,75;8,16;68,63;9,56;8,33;5,83;8,26;68,82;8,75;7,46;5,68;8,06;68,44;10,35
35114;Extremo Oeste Paulista;2010;6682;4907;7201;65174;8652;92616;3446;2502;3687;32893;4053;46581;3236;2405;3514;32281;4599;46035;7,21;5,30;7,78;70,37;9,34;7,40;5,37;7,92;70,61;8,70;7,03;5,22;7,63;70,12;9,99
35115;Pontal do Paranapanema;2010;5558;4287;6437;45958;5481;67721;2879;2197;3300;22679;2885;33940;2679;2090;3137;23279;2596;33781;8,21;6,33;9,51;67,86;8,09;8,48;6,47;9,72;66,82;8,50;7,93;6,19;9,29;68,91;7,68
35121;Vale do Ribeira;2010;25073;19183;28410;176861;24039;273566;12880;9848;14501;88232;11991;137452;12193;9335;13909;88629;12048;136114;9,17;7,01;10,39;64,65;8,79;9,37;7,16;10,55;64,19;8,72;8,96;6,86;10,22;65,11;8,85
35131;Horizonte Verde;2010;32246;22410;31758;278259;28758;393431;16439;11356;16352;140135;12586;196868;15807;11054;15406;138124;16172;196563;8,20;5,70;8,07;70,73;7,31;8,35;5,77;8,31;71,18;6,39;8,04;5,62;7,84;70,27;8,23
35132;Aquífero Guarani;2010;59762;42354;60256;575758;68976;807106;30129;21474;30672;281916;28243;392434;29633;20880;29584;293842;40733;414672;7,40;5,25;7,47;71,34;8,55;7,68;5,47;7,82;71,84;7,20;7,15;5,04;7,13;70,86;9,82
35133;Vale das Cachoeiras;2010;9516;7069;10448;88275;12144;127452;4871;3622;5329;44017;5450;63289;4645;3447;5119;44258;6694;64163;7,47;5,55;8,20;69,26;9,53;7,70;5,72;8,42;69,55;8,61;7,24;5,37;7,98;68,98;10,43
35141;Baixa Mogiana;2010;21341;15488;23216;216462;25824;302331;10777;7888;11739;107687;11624;149715;10564;7600;11477;108775;14200;152616;7,06;5,12;7,68;71,60;8,54;7,20;5,27;7,84;71,93;7,76;6,92;4,98;7,52;71,27;9,30
35142;Mantiqueira;2010;19623;13968;20330;183981;24923;262825;10034;6992;10390;91569;10960;129945;9589;6976;9940;92412;13963;132880;7,47;5,31;7,74;70,00;9,48;7,72;5,38;8,00;70,47;8,43;7,22;5,25;7,48;69,55;10,51
35143;Rio Pardo;2010;14808;11052;16252;146142;20371;208625;7586;5642;8278;73997;9377;104880;7222;5410;7974;72145;10994;103745;7,10;5,30;7,79;70,05;9,76;7,23;5,38;7,89;70,55;8,94;6,96;5,21;7,69;69,54;10,60
35151;Catanduva;2010;20870;13990;20772;205534;30409;291575;10746;7124;10553;103676;13538;145637;10124;6866;10219;101858;16871;145938;7,16;4,80;7,12;70,49;10,43;7,38;4,89;7,25;71,19;9,30;6,94;4,70;7,00;69,80;11,56
35152;Santa Fé do Sul;2010;2701;1999;3171;30990;5408;44269;1366;1040;1616;15063;2545;21630;1335;959;1555;15927;2863;22639;6,10;4,52;7,16;70,00;12,22;6,32;4,81;7,47;69,64;11,77;5,90;4,24;6,87;70,35;12,65
35153;Jales;2010;6520;4708;7142;70360;11975;100705;3338;2486;3668;34899;5755;50146;3182;2222;3474;35461;6220;50559;6,47;4,68;7,09;69,87;11,89;6,66;4,96;7,31;69,59;11,48;6,29;4,39;6,87;70,14;12,30
35154;Fernandópolis;2010;7068;5308;7891;77684;12675;110626;3550;2686;4054;38302;5885;54477;3518;2622;3837;39382;6790;56149;6,39;4,80;7,13;70,22;11,46;6,52;4,93;7,44;70,31;10,80;6,27;4,67;6,83;70,14;12,09
35155;São José do Rio Preto;2010;44717;30759;44855;465846;63610;649787;22743;15704;22825;227820;27579;316671;21974;15055;22030;238026;36031;333116;6,88;4,73;6,90;71,69;9,79;7,18;4,96;7,21;71,94;8,71;6,60;4,52;6,61;71,45;10,82
35156;José Bonifácio;2010;6942;4713;6745;64485;8833;91718;3572;2451;3401;32690;4050;46164;3370;2262;3344;31795;4783;45554;7,57;5,14;7,35;70,31;9,63;7,74;5,31;7,37;70,81;8,77;7,40;4,97;7,34;69,80;10,50
35157;Votuporanga;2010;12141;8452;12671;131032;19795;184091;6163;4349;6611;65863;9126;92112;5978;4103;6060;65169;10669;91979;6,60;4,59;6,88;71,18;10,75;6,69;4,72;7,18;71,50;9,91;6,50;4,46;6,59;70,85;11,60
35161;Itapetininga;2010;37648;27403;39909;311232;35207;451399;19100;13944;20438;157835;16175;227492;18548;13459;19471;153397;19032;223907;8,34;6,07;8,84;68,95;7,80;8,40;6,13;8,98;69,38;7,11;8,28;6,01;8,70;68,51;8,50
35162;Itapeva;2010;24702;18858;28197;180376;20543;272676;12508;9697;14380;89793;10019;136397;12194;9161;13817;90583;10524;136279;9,06;6,92;10,34;66,15;7,53;9,17;7,11;10,54;65,83;7,35;8,95;6,72;10,14;66,47;7,72
35163;Sorocaba;2010;120148;87071;128484;1071683;111555;1518941;61273;44402;65342;533334;49120;753471;58875;42669;63142;538349;62435;765470;7,91;5,73;8,46;70,55;7,34;8,13;5,89;8,67;70,78;6,52;7,69;5,57;8,25;70,33;8,16
35171;Alto Vale do Paraíba;2010;78746;54984;80167;696198;65243;975338;40013;28150;40876;341183;28643;478865;38733;26834;39291;355015;36600;496473;8,07;5,64;8,22;71,38;6,69;8,36;5,88;8,54;71,25;5,98;7,80;5,40;7,91;71,51;7,37
35172;Circuito da Fé e Vale Histórico;2010;35298;25408;36755;315163;37656;450280;17928;12959;18647;155562;16077;221173;17370;12449;18108;159601;21579;229107;7,84;5,64;8,16;69,99;8,36;8,11;5,86;8,43;70,33;7,27;7,58;5,43;7,90;69,66;9,42
35173;Litoral Norte;2010;24715;17800;25622;195743;17899;281779;12531;8929;12996;97564;8330;140350;12184;8871;12626;98179;9569;141429;8,77;6,32;9,09;69,47;6,35;8,93;6,36;9,26;69,51;5,94;8,61;6,27;8,93;69,42;6,77
35174;Vale do Paraíba/Região Serrana;2010;44042;31731;46807;393522;41095;557197;22460;15997;23764;195639;18076;275936;21582;15734;23043;197883;23019;281261;7,90;5,69;8,40;70,63;7,38;8,14;5,80;8,61;70,90;6,55;7,67;5,59;8,19;70,36;8,18
41001;1ª RS Paranaguá;2010;24744;17958;26151;178006;18533;265392;12522;9149;13321;87729;8727;131448;12222;8809;12830;90277;9806;133944;9,32;6,77;9,85;67,07;6,98;9,53;6,96;10,13;66,74;6,64;9,12;6,58;9,58;67,40;7,32
41002;2ª RS Metropolitana;2010;269350;188334;273034;2285689;207429;3223836;136812;96000;139161;1110858;86381;1569212;132538;92334;133873;1174831;121048;1654624;8,35;5,84;8,47;70,90;6,43;8,72;6,12;8,87;70,79;5,50;8,01;5,58;8,09;71,00;7,32
41003;3ª RS Ponta Grossa;2010;54140;38314;54748;389642;38619;575463;27571;19365;27922;192458;16784;284100;26569;18949;26826;197184;21835;291363;9,41;6,66;9,51;67,71;6,71;9,70;6,82;9,83;67,74;5,91;9,12;6,50;9,21;67,68;7,49
41004;4ª RS Irati;2010;14211;10553;15124;109205;11869;160962;7131;5273;7774;55710;5433;81321;7080;5280;7350;53495;6436;79641;8,83;6,56;9,40;67,85;7,37;8,77;6,48;9,56;68,51;6,68;8,89;6,63;9,23;67,17;8,08
41005;5ª RS Guarapuava;2010;40752;31078;45755;294289;29196;441070;20706;15778;23257;146507;13819;220067;20046;15300;22498;147782;15377;221003;9,24;7,05;10,37;66,72;6,62;9,41;7,17;10,57;66,57;6,28;9,07;6,92;10,18;66,87;6,96
41006;6ª RS União da Vitória;2010;14816;11315;16363;110694;12111;165299;7678;5805;8354;55977;5508;83322;7138;5510;8009;54717;6603;81977;8,96;6,85;9,90;66,97;7,33;9,21;6,97;10,03;67,18;6,61;8,71;6,72;9,77;66,75;8,05
41007;7ª RS Pato Branco;2010;22240;15977;23769;169442;18365;249793;11310;8069;12099;83194;8388;123060;10930;7908;11670;86248;9977;126733;8,90;6,40;9,52;67,83;7,35;9,19;6,56;9,83;67,60;6,82;8,62;6,24;9,21;68,05;7,87
41008;8ª RS Francisco Beltrão;2010;26779;19887;30429;232789;27819;337703;13737;10164;15515;116130;12895;168441;13042;9723;14914;116659;14924;169262;7,93;5,89;9,01;68,93;8,24;8,16;6,03;9,21;68,94;7,66;7,71;5,74;8,81;68,92;8,82
41009;9ª RS Foz do Iguaçu;2010;34735;24405;36278;270241;23136;388795;17708;12444;18519;130544;10763;189978;17027;11961;17759;139697;12373;198817;8,93;6,28;9,33;69,51;5,95;9,32;6,55;9,75;68,72;5,67;8,56;6,02;8,93;70,26;6,22
41010;10ª RS Cascavel;2010;42440;30043;45561;353405;35936;507385;21640;15044;23188;173790;16912;250574;20800;14999;22373;179615;19024;256811;8,36;5,92;8,98;69,65;7,08;8,64;6,00;9,25;69,36;6,75;8,10;5,84;8,71;69,94;7,41
41011;11ª RS Campo Mourão;2010;25549;19411;29054;229725;30386;334125;12956;9866;14939;112404;14741;164906;12593;9545;14115;117321;15645;169219;7,65;5,81;8,70;68,75;9,09;7,86;5,98;9,06;68,16;8,94;7,44;5,64;8,34;69,33;9,25
41012;12ª RS Umuarama;2010;19866;14280;21078;183268;26600;265092;9954;7319;10643;89750;13032;130698;9912;6961;10435;93518;13568;134394;7,49;5,39;7,95;69,13;10,03;7,62;5,60;8,14;68,67;9,97;7,38;5,18;7,76;69,58;10,10
41013;13ª RS Cianorte;2010;11162;7651;11745;99792;12083;142433;5695;3847;5976;49311;5709;70538;5467;3804;5769;50481;6374;71895;7,84;5,37;8,25;70,06;8,48;8,07;5,45;8,47;69,91;8,09;7,60;5,29;8,02;70,21;8,87
41014;14ª RS Paranavaí;2010;20841;14622;22027;178686;24368;260544;10759;7425;11281;87839;11585;128889;10082;7197;10746;90847;12783;131655;8,00;5,61;8,45;68,58;9,35;8,35;5,76;8,75;68,15;8,99;7,66;5,47;8,16;69,00;9,71
41015;15ª RS Maringá;2010;54142;37477;56190;524728;60867;733404;27579;19310;28732;254672;27651;357944;26563;18167;27458;270056;33216;375460;7,38;5,11;7,66;71,55;8,30;7,70;5,39;8,03;71,15;7,72;7,07;4,84;7,31;71,93;8,85
41016;16ª RS Apucarana;2010;27281;18965;28311;241829;30586;346972;13812;9554;14437;118881;14047;170731;13469;9411;13874;122948;16539;176241;7,86;5,47;8,16;69,70;8,82;8,09;5,60;8,46;69,63;8,23;7,64;5,34;7,87;69,76;9,38
41017;17ª RS Londrina;2010;67477;47362;70039;610351;76038;871267;34410;24086;35749;294592;33958;422795;33067;23276;34290;315759;42080;448472;7,74;5,44;8,04;70,05;8,73;8,14;5,70;8,46;69,68;8,03;7,37;5,19;7,65;70,41;9,38
41018;18ª RS Cornélio Procópio;2010;17124;12481;19334;154353;22669;225961;8641;6423;9998;75934;10540;111536;8483;6058;9336;78419;12129;114425;7,58;5,52;8,56;68,31;10,03;7,75;5,76;8,96;68,08;9,45;7,41;5,29;8,16;68,53;10,60
41019;19ª RS Jacarezinho;2010;22487;16304;24268;189385;25667;278111;11415;8344;12430;94077;12023;138289;11072;7960;11838;95308;13644;139822;8,09;5,86;8,73;68,10;9,23;8,25;6,03;8,99;68,03;8,69;7,92;5,69;8,47;68,16;9,76
41020;20ª RS Toledo;2010;27360;19874;29693;251273;30460;358660;13909;10065;15030;122947;14165;176116;13451;9809;14663;128326;16295;182544;7,63;5,54;8,28;70,06;8,49;7,90;5,71;8,53;69,81;8,04;7,37;5,37;8,03;70,30;8,93
41021;21ª RS Telêmaco Borba;2010;17024;12040;17473;113981;12404;172922;8629;6233;8907;57238;6186;87193;8395;5807;8566;56743;6218;85729;9,84;6,96;10,10;65,91;7,17;9,90;7,15;10,22;65,65;7,09;9,79;6,77;9,99;66,19;7,25
41022;22ª RS Ivaiporã;2010;11186;8392;12647;93425;13687;139337;5688;4170;6320;46735;6923;69836;5498;4222;6327;46690;6764;69501;8,03;6,02;9,08;67,05;9,82;8,14;5,97;9,05;66,92;9,91;7,91;6,07;9,10;67,18;9,73
42001;Extremo Oeste;2010;16121;12059;19004;156214;20149;223547;8297;6212;9691;79454;9047;112701;7824;5847;9313;76760;11102;110846;7,21;5,39;8,50;69,88;9,01;7,36;5,51;8,60;70,50;8,03;7,06;5,27;8,40;69,25;10,02
42002;Oeste;2010;24682;17794;26746;228332;22108;319662;12612;9093;13624;114569;9764;159662;12070;8701;13122;113763;12344;160000;7,72;5,57;8,37;71,43;6,92;7,90;5,70;8,53;71,76;6,12;7,54;5,44;8,20;71,10;7,72
42003;Xanxerê;2010;15787;12091;17736;129418;14022;189054;8081;6235;9123;64685;6329;94453;7706;5856;8613;64733;7693;94601;8,35;6,40;9,38;68,46;7,42;8,56;6,60;9,66;68,48;6,70;8,15;6,19;9,10;68,43;8,13
42004;Alto Vale do Itajaí;2010;21652;15829;23003;187658;21282;269424;11114;8014;11721;95069;9586;135504;10538;7815;11282;92589;11696;133920;8,04;5,88;8,54;69,65;7,90;8,20;5,91;8,65;70,16;7,07;7,87;5,84;8,42;69,14;8,73
42005;Foz do Rio Itajaí;2010;45906;31818;46968;396452;34420;555564;23454;16224;24034;194595;14766;273073;22452;15594;22934;201857;19654;282491;8,26;5,73;8,45;71,36;6,20;8,59;5,94;8,80;71,26;5,41;7,95;5,52;8,12;71,46;6,96
42006;Médio Vale do Itajaí;2010;49426;34393;50873;488815;43431;666938;25377;17564;26073;243243;17946;330203;24049;16829;24800;245572;25485;336735;7,41;5,16;7,63;73,29;6,51;7,69;5,32;7,90;73,66;5,43;7,14;5,00;7,36;72,93;7,57
42007;Grande Florianópolis;2010;73028;51884;77603;741367;68351;1012233;37122;26347;39459;364691;28565;496184;35906;25537;38144;376676;39786;516049;7,21;5,13;7,67;73,24;6,75;7,48;5,31;7,95;73,50;5,76;6,96;4,95;7,39;72,99;7,71
42008;Meio Oeste;2010;14246;10706;15596;124795;14481;179824;7260;5402;7864;62316;6443;89285;6986;5304;7732;62479;8038;90539;7,92;5,95;8,67;69,40;8,05;8,13;6,05;8,81;69,79;7,22;7,72;5,86;8,54;69,01;8,88
42009;Alto Vale do Rio do Peixe;2010;24575;18092;26548;186628;18462;274305;12501;9204;13613;93278;8450;137046;12074;8888;12935;93350;10012;137259;8,96;6,60;9,68;68,04;6,73;9,12;6,72;9,93;68,06;6,17;8,80;6,48;9,42;68,01;7,29
42010;Alto Uruguai Catarinense;2010;10320;7401;11165;100663;12441;141990;5239;3770;5620;50844;5519;70992;5081;3631;5545;49819;6922;70998;7,27;5,21;7,86;70,89;8,76;7,38;5,31;7,92;71,62;7,77;7,16;5,11;7,81;70,17;9,75
42011;Nordeste;2010;71480;48759;71858;625238;51195;868530;36463;24988;36534;313555;21991;433531;35017;23771;35324;311683;29204;434999;8,23;5,61;8,27;71,99;5,89;8,41;5,76;8,43;72,33;5,07;8,05;5,46;8,12;71,65;6,71
42012;Planalto Norte;2010;30954;22999;32635;243318;24294;354200;15831;11728;16547;122515;10478;177099;15123;11271;16088;120803;13816;177101;8,74;6,49;9,21;68,70;6,86;8,94;6,62;9,34;69,18;5,92;8,54;6,36;9,08;68,21;7,80
42013;Serra Catarinense;2010;23895;17655;26093;195905;22690;286238;12191;8999;13342;96573;10502;141607;11704;8656;12751;99332;12188;144631;8,35;6,17;9,12;68,44;7,93;8,61;6,35;9,42;68,20;7,42;8,09;5,98;8,82;68,68;8,43
42014;Extremo Sul Catarinense;2010;14778;10346;15394;126397;13893;180808;7430;5341;7891;62745;6318;89725;7348;5005;7503;63652;7575;91083;8,17;5,72;8,51;69,91;7,68;8,28;5,95;8,79;69,93;7,04;8,07;5,49;8,24;69,88;8,32
42015;Carbonífera;2010;30122;21213;31787;283012;24657;390791;15177;10836;16233;140846;10470;193562;14945;10377;15554;142166;14187;197229;7,71;5,43;8,13;72,42;6,31;7,84;5,60;8,39;72,77;5,41;7,58;5,26;7,89;72,08;7,19
42016;Laguna;2010;24830;17689;26774;238468;27567;335328;12784;9026;13572;118303;12048;165733;12046;8663;13202;120165;15519;169595;7,40;5,28;7,98;71,11;8,22;7,71;5,45;8,19;71,38;7,27;7,10;5,11;7,78;70,85;9,15
43001;Região 01 - Verdes Campos;2010;28773;21057;32263;290982;43906;416981;14660;10710;16423;141569;18111;201473;14113;10347;15840;149413;25795;215508;6,90;5,05;7,74;69,78;10,53;7,28;5,32;8,15;70,27;8,99;6,55;4,80;7,35;69,33;11,97
43002;Região 02 - Entre Rios;2010;8242;6469;10050;84872;14633;124266;4167;3326;5002;42187;6578;61260;4075;3143;5048;42685;8055;63006;6,63;5,21;8,09;68,30;11,78;6,80;5,43;8,17;68,87;10,74;6,47;4,99;8,01;67,75;12,78
43003;Região 03 - Fronteira Oeste;2010;37991;28963;42175;311073;44836;465038;19227;14606;21296;152434;19249;226812;18764;14357;20879;158639;25587;238226;8,17;6,23;9,07;66,89;9,64;8,48;6,44;9,39;67,21;8,49;7,88;6,03;8,76;66,59;10,74
43004;Região 04 - Belas Praias;2010;10611;8280;12025;95094;12093;138103;5453;4253;6094;47104;5578;68482;5158;4027;5931;47990;6515;69621;7,68;6,00;8,71;68,86;8,76;7,96;6,21;8,90;68,78;8,15;7,41;5,78;8,52;68,93;9,36
43005;Região 05 - Bons Ventos;2010;15261;12128;17365;137294;20968;203016;7739;6230;8969;67779;9702;100419;7522;5898;8396;69515;11266;102597;7,52;5,97;8,55;67,63;10,33;7,71;6,20;8,93;67,50;9,66;7,33;5,75;8,18;67,76;10,98
43006;Região 06 - Vale do Paranhana e Costa S;2010;17476;12703;18630;147909;15829;212547;8778;6461;9451;73741;6904;105335;8698;6242;9179;74168;8925;107212;8,22;5,98;8,77;69,59;7,45;8,33;6,13;8,97;70,01;6,55;8,11;5,82;8,56;69,18;8,32
43007;Região 07 - Vale dos Sinos;2010;58739;43039;63100;540195;50697;755770;30010;21884;32218;265889;20026;370027;28729;21155;30882;274306;30671;385743;7,77;5,69;8,35;71,48;6,71;8,11;5,91;8,71;71,86;5,41;7,45;5,48;8,01;71,11;7,95
43008;Região 08 - Vale do Caí e Metropolitana;2010;57299;41782;59902;504129;54802;717914;29021;21175;30640;246807;22052;349695;28278;20607;29262;257322;32750;368219;7,98;5,82;8,34;70,22;7,63;8,30;6,06;8,76;70,58;6,31;7,68;5,60;7,95;69,88;8,89
43009;Região 09 - Carbonífera/Costa Doce;2010;30123;23107;33204;264926;32815;384175;15401;11830;16996;133680;14323;192230;14722;11277;16208;131246;18492;191945;7,84;6,01;8,64;68,96;8,54;8,01;6,15;8,84;69,54;7,45;7,67;5,88;8,44;68,38;9,63
43010;Região 10 - Capital e Vale do Gravataí;2010;163484;120330;176575;1562459;202389;2225237;82958;61454;89717;741411;75399;1050939;80526;58876;86858;821048;126990;1174298;7,35;5,41;7,94;70,22;9,10;7,89;5,85;8,54;70,55;7,17;6,86;5,01;7,40;69,92;10,81
43011;Região 11 - Sete Povos das Missões;2010;20147;15669;23874;196122;30436;286248;10241;7970;12293;96987;13557;141048;9906;7699;11581;99135;16879;145200;7,04;5,47;8,34;68,51;10,63;7,26;5,65;8,72;68,76;9,61;6,82;5,30;7,98;68,27;11,62
43012;Região 12 - Portal das Missões;2010;11379;8343;12370;104574;15404;152070;5804;4174;6288;50827;6548;73641;5575;4169;6082;53747;8856;78429;7,48;5,49;8,13;68,77;10,13;7,88;5,67;8,54;69,02;8,89;7,11;5,32;7,75;68,53;11,29
43013;Região 13 - Diversidade;2010;15576;11482;17152;154909;23652;222771;8071;5806;8738;76713;10220;109548;7505;5676;8414;78196;13432;113223;6,99;5,15;7,70;69,54;10,62;7,37;5,30;7,98;70,03;9,33;6,63;5,01;7,43;69,06;11,86
43014;Região 14 - Fronteira Noroeste;2010;14125;10618;17014;159684;25492;226933;7274;5437;8679;79314;10980;111684;6851;5181;8335;80370;14512;115249;6,22;4,68;7,50;70,37;11,23;6,51;4,87;7,77;71,02;9,83;5,94;4,50;7,23;69,74;12,59
43015;Região 15 - Caminho das Águas;2010;13121;10415;15589;128182;19756;187063;6760;5311;8028;64338;8878;93315;6361;5104;7561;63844;10878;93748;7,01;5,57;8,33;68,52;10,56;7,24;5,69;8,60;68,95;9,51;6,79;5,44;8,07;68,10;11,60
43016;Região 16 - Alto Uruguai Gaúcho;2010;14958;11362;17724;161517;25253;230814;7673;5757;9023;80352;10776;113581;7285;5605;8701;81165;14477;117233;6,48;4,92;7,68;69,98;10,94;6,76;5,07;7,94;70,74;9,49;6,21;4,78;7,42;69,23;12,35
43017;Região 17 - Planalto;2010;28058;20058;29992;270021;34300;382429;14189;10298;15390;131362;14123;185362;13869;9760;14602;138659;20177;197067;7,34;5,24;7,84;70,61;8,97;7,65;5,56;8,30;70,87;7,62;7,04;4,95;7,41;70,36;10,24
43018;Região 18 - Araucárias;2010;8476;6647;10129;88891;13945;128088;4312;3377;5198;44567;6186;63640;4164;3270;4931;44324;7759;64448;6,62;5,19;7,91;69,40;10,89;6,78;5,31;8,17;70,03;9,72;6,46;5,07;7,65;68,77;12,04
43019;Região 19 - Botucaraí;2010;8792;6773;10012;78605;11427;115609;4563;3456;5188;39504;5202;57913;4229;3317;4824;39101;6225;57696;7,60;5,86;8,66;67,99;9,88;7,88;5,97;8,96;68,21;8,98;7,33;5,75;8,36;67,77;10,79
43020;Região 20 - Rota da Produção;2010;12344;9375;13915;109459;16415;161508;6298;4749;7039;54212;7364;79662;6046;4626;6876;55247;9051;81846;7,64;5,80;8,62;67,77;10,16;7,91;5,96;8,84;68,05;9,24;7,39;5,65;8,40;67,50;11,06
43021;Região 21 - Sul;2010;60710;45848;68375;581851;88351;845135;31038;23347;34729;284096;36202;409412;29672;22501;33646;297755;52149;435723;7,18;5,42;8,09;68,85;10,45;7,58;5,70;8,48;69,39;8,84;6,81;5,16;7,72;68,34;11,97
43022;Região 22 - Pampa;2010;14039;10988;15558;123600;18394;182579;7201;5532;7864;60398;7599;88594;6838;5456;7694;63202;10795;93985;7,69;6,02;8,52;67,70;10,07;8,13;6,24;8,88;68,17;8,58;7,28;5,81;8,19;67,25;11,49
43023;Região 23 - Caxias e Hortênsias;2010;39940;27902;40203;385778;39094;532917;20367;14169;20227;190412;16002;261177;19573;13733;19976;195366;23092;271740;7,49;5,24;7,54;72,39;7,34;7,80;5,43;7,74;72,91;6,13;7,20;5,05;7,35;71,89;8,50
43024;Região 24 - Campos de Cima da Serra;2010;8006;6067;8443;63398;9049;94963;4074;3010;4426;31501;4162;47173;3932;3057;4017;31897;4887;47790;8,43;6,39;8,89;66,76;9,53;8,64;6,38;9,38;66,78;8,82;8,23;6,40;8,41;66,74;10,23
43025;Região 25 - Vinhedos e Basalto;2010;16959;12444;18873;204098;26914;279288;8738;6339;9502;102493;11300;138372;8221;6105;9371;101605;15614;140916;6,07;4,46;6,76;73,08;9,64;6,31;4,58;6,87;74,07;8,17;5,83;4,33;6,65;72,10;11,08
43026;Região 26 - Uva Vale;2010;11000;8152;12371;123239;14871;169633;5578;4194;6229;62086;6335;84422;5422;3958;6142;61153;8536;85211;6,48;4,81;7,29;72,65;8,77;6,61;4,97;7,38;73,54;7,50;6,36;4,64;7,21;71,77;10,02
43027;Região 27 - Jacuí Centro;2010;14277;11153;16140;136214;22480;200264;7290;5738;8201;67626;9576;98431;6987;5415;7939;68588;12904;101833;7,13;5,57;8,06;68,02;11,23;7,41;5,83;8,33;68,70;9,73;6,86;5,32;7,80;67,35;12,67
43028;Região 28 - Vinte e Oito;2010;22437;16997;25448;229986;32290;327158;11414;8656;12851;114207;13172;160300;11023;8341;12597;115779;19118;166858;6,86;5,20;7,78;70,30;9,87;7,12;5,40;8,02;71,25;8,22;6,61;5,00;7,55;69,39;11,46
43029;Região 29 - Vales e Montanhas;2010;13421;9638;14632;147982;22290;207963;6856;4956;7545;74374;9355;103086;6565;4682;7087;73608;12935;104877;6,45;4,63;7,04;71,16;10,72;6,65;4,81;7,32;72,15;9,07;6,26;4,46;6,76;70,19;12,33
43030;Região 30 - Vale da Luz;2010;8197;5971;8680;82769;11832;117449;4191;3017;4385;41496;4935;58024;4006;2954;4295;41273;6897;59425;6,98;5,08;7,39;70,47;10,07;7,22;5,20;7,56;71,52;8,51;6,74;4,97;7,23;69,45;11,61
50001;Campo Grande;2010;121709;82023;116757;923113;87582;1331184;62183;41960;59414;456238;41213;661008;59526;40063;57343;466875;46369;670176;9,14;6,16;8,77;69,35;6,58;9,41;6,35;8,99;69,02;6,23;8,88;5,98;8,56;69,66;6,92
50002;Corumbá;2010;12768;9193;12856;81005;7498;123320;6469;4707;6511;40933;3494;62114;6299;4486;6345;40072;4004;61206;10,35;7,45;10,42;65,69;6,08;10,41;7,58;10,48;65,90;5,63;10,29;7,33;10,37;65,47;6,54
50003;Dourados;2010;74873;51352;70668;495718;49336;741947;38078;26151;35835;245540;24442;370046;36795;25201;34833;250178;24894;371901;10,09;6,92;9,52;66,81;6,65;10,29;7,07;9,68;66,35;6,61;9,89;6,78;9,37;67,27;6,69
50004;Três Lagoas;2010;22420;15287;21807;175077;17982;252573;11360;7810;11191;87558;8841;126760;11060;7477;10616;87519;9141;125813;8,88;6,05;8,63;69,32;7,12;8,96;6,16;8,83;69,07;6,97;8,79;5,94;8,44;69,56;7,27
51001;Alto Tapajós;2010;9061;6728;9675;68205;5472;99141;4615;3418;5004;35827;3112;51976;4446;3310;4671;32378;2360;47165;9,14;6,79;9,76;68,80;5,52;8,88;6,58;9,63;68,93;5,99;9,43;7,02;9,90;68,65;5,00
51002;Baixada Cuiabana;2010;84402;55910;78999;643403;48768;911482;43119;28701;40357;316308;22728;451213;41283;27209;38642;327095;26040;460269;9,26;6,13;8,67;70,59;5,35;9,56;6,36;8,94;70,10;5,04;8,97;5,91;8,40;71,07;5,66
51003;Araguaia Xingu;2010;8450;6053;8185;50443;3446;76577;4291;3048;4268;26910;2112;40629;4159;3005;3917;23533;1334;35948;11,03;7,90;10,69;65,87;4,50;10,56;7,50;10,50;66,23;5,20;11,57;8,36;10,90;65,46;3,71
51004;Centro Norte;2010;9040;6496;9115;62714;5873;93238;4634;3355;4709;33278;3288;49264;4406;3141;4406;29436;2585;43974;9,70;6,97;9,78;67,26;6,30;9,41;6,81;9,56;67,55;6,67;10,02;7,14;10,02;66,94;5,88
51005;Garças Araguaia;2010;11687;8228;10821;79724;7747;118207;5969;4304;5562;40074;4066;59975;5718;3924;5259;39650;3681;58232;9,89;6,96;9,15;67,44;6,55;9,95;7,18;9,27;66,82;6,78;9,82;6,74;9,03;68,09;6,32
51006;Médio Araguaia;2010;8857;6098;7857;55124;3714;81650;4478;3089;4066;29162;2080;42875;4379;3009;3791;25962;1634;38775;10,85;7,47;9,62;67,51;4,55;10,44;7,20;9,48;68,02;4,85;11,29;7,76;9,78;66,96;4,21
51007;Médio Norte Matogrossense;2010;21124;14030;19592;143013;9081;206840;10695;7168;9955;73970;4793;106581;10429;6862;9637;69043;4288;100259;10,21;6,78;9,47;69,14;4,39;10,03;6,73;9,34;69,40;4,50;10,40;6,84;9,61;68,86;4,28
51008;Noroeste Matogrossense;2010;14514;10168;14056;90026;5300;134064;7234;5226;7112;48031;3109;70712;7280;4942;6944;41995;2191;63352;10,83;7,58;10,48;67,15;3,95;10,23;7,39;10,06;67,92;4,40;11,49;7,80;10,96;66,29;3,46
51009;Norte Araguaia Karajá;2010;2289;1687;2279;13979;1232;21466;1137;864;1148;7416;723;11288;1152;823;1131;6563;509;10178;10,66;7,86;10,62;65,12;5,74;10,07;7,65;10,17;65,70;6,41;11,32;8,09;11,11;64,48;5,00
51010;Norte Matogrossense;2010;6128;4438;6511;46374;4423;67874;3163;2292;3311;23949;2449;35164;2965;2146;3200;22425;1974;32710;9,03;6,54;9,59;68,32;6,52;8,99;6,52;9,42;68,11;6,96;9,06;6,56;9,78;68,56;6,03
51011;Oeste Matogrossense;2010;17856;12615;17224;125979;12317;185991;9168;6437;8799;63213;6255;93872;8688;6178;8425;62766;6062;92119;9,60;6,78;9,26;67,73;6,62;9,77;6,86;9,37;67,34;6,66;9,43;6,71;9,15;68,14;6,58
51012;Sudoeste Matogrossense;2010;11763;8109;10735;72848;5506;108961;6030;4128;5503;37250;3061;55972;5733;3981;5232;35598;2445;52989;10,80;7,44;9,85;66,86;5,05;10,77;7,38;9,83;66,55;5,47;10,82;7,51;9,87;67,18;4,61
51013;Sul Matogrossense;2010;42637;28686;39928;315671;25597;452519;21682;14795;20516;161418;13227;231638;20955;13891;19412;154253;12370;220881;9,42;6,34;8,82;69,76;5,66;9,36;6,39;8,86;69,69;5,71;9,49;6,29;8,79;69,84;5,60
51014;Teles Pires;2010;33867;22699;31512;231125;10163;329366;17189;11487;16191;121535;5277;171679;16678;11212;15321;109590;4886;157687;10,28;6,89;9,57;70,17;3,09;10,01;6,69;9,43;70,79;3,07;10,58;7,11;9,72;69,50;3,10
51015;Vale do Peixoto;2010;9257;6620;9941;65233;4774;95825;4621;3412;5101;33794;2710;49638;4636;3208;4840;31439;2064;46187;9,66;6,91;10,37;68,08;4,98;9,31;6,87;10,28;68,08;5,46;10,04;6,95;10,48;68,07;4,47
51016;Vale dos Arinos;2010;5010;3525;5173;35425;2788;51921;2523;1791;2610;18566;1570;27060;2487;1734;2563;16859;1218;24861;9,65;6,79;9,96;68,23;5,37;9,32;6,62;9,65;68,61;5,80;10,00;6,97;10,31;67,81;4,90
52001;Central;2010;130306;90260;129603;1186955;106008;1643132;66179;46075;65447;567678;45592;790971;64127;44185;64156;619277;60416;852161;7,93;5,49;7,89;72,24;6,45;8,37;5,83;8,27;71,77;5,76;7,53;5,19;7,53;72,67;7,09
52002;Centro Sul;2010;71841;50536;70232;533284;39633;765526;36474;25692;35766;265126;19235;382293;35367;24844;34466;268158;20398;383233;9,38;6,60;9,17;69,66;5,18;9,54;6,72;9,36;69,35;5,03;9,23;6,48;8,99;69,97;5,32
52003;Entorno Norte;2010;23238;17502;23885;152745;10751;228121;11766;9062;12096;76670;5375;114969;11472;8440;11789;76075;5376;113152;10,19;7,67;10,47;66,96;4,71;10,23;7,88;10,52;66,69;4,68;10,14;7,46;10,42;67,23;4,75
52004;Entorno Sul;2010;81612;58057;77441;485972;24570;727652;41604;29473;39006;239002;11802;360887;40008;28584;38435;246970;12768;366765;11,22;7,98;10,64;66,79;3,38;11,53;8,17;10,81;66,23;3,27;10,91;7,79;10,48;67,34;3,48
52005;Estrada de Ferro;2010;21396;15296;21590;182922;19242;260446;10856;7779;11048;91882;9103;130668;10540;7517;10542;91040;10139;129778;8,22;5,87;8,29;70,23;7,39;8,31;5,95;8,46;70,32;6,97;8,12;5,79;8,12;70,15;7,81
52006;Nordeste I;2010;4768;3361;4613;27831;2937;43510;2417;1708;2320;14178;1548;22171;2351;1653;2293;13653;1389;21339;10,96;7,72;10,60;63,96;6,75;10,90;7,70;10,46;63,95;6,98;11,02;7,75;10,75;63,98;6,51
52007;Nordeste II;2010;9877;7186;9579;61381;5731;93754;5085;3669;4848;31730;2856;48188;4792;3517;4731;29651;2875;45566;10,54;7,66;10,22;65,47;6,11;10,55;7,61;10,06;65,85;5,93;10,52;7,72;10,38;65,07;6,31
52008;Norte;2010;11408;9003;12934;93400;10221;136966;5856;4629;6682;47243;5459;69869;5552;4374;6252;46157;4762;67097;8,33;6,57;9,44;68,19;7,46;8,38;6,63;9,56;67,62;7,81;8,27;6,52;9,32;68,79;7,10
52009;Oeste I;2010;8138;6225;9242;79398;10856;113859;4148;3298;4650;39711;5735;57542;3990;2927;4592;39687;5121;56317;7,15;5,47;8,12;69,73;9,53;7,21;5,73;8,08;69,01;9,97;7,08;5,20;8,15;70,47;9,09
52010;Oeste II;2010;7763;5724;8476;74491;9732;106186;3979;2927;4355;37008;4901;53170;3784;2797;4121;37483;4831;53016;7,31;5,39;7,98;70,15;9,17;7,48;5,50;8,19;69,60;9,22;7,14;5,28;7,77;70,70;9,11
52011;Pirineus;2010;39331;28419;40768;312711;30501;451730;20038;14630;20946;153716;13897;223227;19293;13789;19822;158995;16604;228503;8,71;6,29;9,02;69,23;6,75;8,98;6,55;9,38;68,86;6,23;8,44;6,03;8,67;69,58;7,27
52012;Rio Vermelho;2010;15105;11727;16616;133062;15168;191678;7744;6069;8534;66979;7641;96967;7361;5658;8082;66083;7527;94711;7,88;6,12;8,67;69,42;7,91;7,99;6,26;8,80;69,07;7,88;7,77;5,97;8,53;69,77;7,95
52013;São Patrício I;2010;12214;9660;14059;111640;13713;161286;6275;4894;7323;56322;6820;81634;5939;4766;6736;55318;6893;79652;7,57;5,99;8,72;69,22;8,50;7,69;6,00;8,97;68,99;8,35;7,46;5,98;8,46;69,45;8,65
52014;Serra da Mesa;2010;10419;7677;11007;81471;8793;119367;5246;3967;5587;41432;4541;60773;5173;3710;5420;40039;4252;58594;8,73;6,43;9,22;68,25;7,37;8,63;6,53;9,19;68,18;7,47;8,83;6,33;9,25;68,33;7,26
52015;Sudoeste I;2010;34024;22792;30900;267239;24404;379359;17593;11680;15725;136975;12562;194535;16431;11112;15175;130264;11842;184824;8,97;6,01;8,15;70,44;6,43;9,04;6,00;8,08;70,41;6,46;8,89;6,01;8,21;70,48;6,41
52016;Sudoeste II;2010;17444;12256;17016;136946;13926;197588;8804;6281;8693;69793;6977;100548;8640;5975;8323;67153;6949;97040;8,83;6,20;8,61;69,31;7,05;8,76;6,25;8,65;69,41;6,94;8,90;6,16;8,58;69,20;7,16
52017;Sul;2010;18400;13102;18496;160061;19323;229382;9363;6660;9477;79850;9463;114813;9037;6442;9019;80211;9860;114569;8,02;5,71;8,06;69,78;8,42;8,15;5,80;8,25;69,55;8,24;7,89;5,62;7,87;70,01;8,61
52018;São Patrício II;2010;14094;10430;14501;104942;10279;154246;7160;5327;7449;53274;5192;78402;6934;5103;7052;51668;5087;75844;9,14;6,76;9,40;68,04;6,66;9,13;6,79;9,50;67,95;6,62;9,14;6,73;9,30;68,12;6,71
53001;Distrito Federal;2010;228699;161085;218709;1834021;127646;2570160;115985;81777;110597;866428;54093;1228880;112714;79308;108112;967593;73553;1341280;8,90;6,27;8,51;71,36;4,97;9,44;6,65;9,00;70,51;4,40;8,40;5,91;8,06;72,14;5,48
55;Brasil;2010;16728147;12037387;17166761;130742024;14081480;190755799;8510240;6130891;8725413;63925368;6115078;93406990;8217907;5906496;8441348;66816656;7966402;97348809;8,77;6,31;9,00;68,54;7,38;9,11;6,56;9,34;68,44;6,55;8,44;6,07;8,67;68,64;8,18
