CO_REGSAUD;DS_NOME;Ano;Pop_0a5;Pop_6a9;Pop_10a14;Pop_15a64;Pop_65emais;Pop_Total;PopH_0a5;PopH_6a9;PopH_10a14;PopH_15a64;PopH_65emais;PopH_Total;PopM_0a5;PopM_6a9;PopM_10a14;PopM_15a64;PopM_65emais;PopM_Total;p_Pop_0a5;p_Pop_6a9;p_Pop_10a14;p_Pop_15a64;p_Pop_65emais;p_PopH_0a5;p_PopH_6a9;p_PopH_10a14;p_PopH_15a64;p_PopH_65emais;p_PopM_0a5;p_PopM_6a9;p_PopM_10a14;p_PopM_15a64;p_PopM_65emais
11001;Vale do Jamari;2000;25328;16479;20286;108276;4594;174963;12989;8452;10424;57712;2789;92366;12339;8027;9862;50564;1805;82597;14,48;9,42;11,59;61,89;2,63;14,06;9,15;11,29;62,48;3,02;14,94;9,72;11,94;61,22;2,19
11002;Café;2000;19635;13513;17564;97165;5840;153717;9983;6910;8954;49567;3212;78626;9652;6603;8610;47598;2628;75091;12,77;8,79;11,43;63,21;3,80;12,70;8,79;11,39;63,04;4,09;12,85;8,79;11,47;63,39;3,50
11003;Central;2000;46780;32489;41591;222019;12742;355621;24053;16319;21137;114533;7221;183263;22727;16170;20454;107486;5521;172358;13,15;9,14;11,70;62,43;3,58;13,12;8,90;11,53;62,50;3,94;13,19;9,38;11,87;62,36;3,20
11004;Madeira-Mamoré;2000;57411;37279;48157;252437;12129;407413;29207;18926;24271;125757;6200;204361;28204;18353;23886;126680;5929;203052;14,09;9,15;11,82;61,96;2,98;14,29;9,26;11,88;61,54;3,03;13,89;9,04;11,76;62,39;2,92
11005;Zona da Mata;2000;17857;12913;15626;83954;5053;135403;9289;6638;7985;43754;3000;70666;8568;6275;7641;40200;2053;64737;13,19;9,54;11,54;62,00;3,73;13,14;9,39;11,30;61,92;4,25;13,24;9,69;11,80;62,10;3,17
11006;Cone Sul;2000;15202;10800;14118;75201;4401;119722;7708;5528;7206;38239;2495;61176;7494;5272;6912;36962;1906;58546;12,70;9,02;11,79;62,81;3,68;12,60;9,04;11,78;62,51;4,08;12,80;9,00;11,81;63,13;3,26
11007;Vale do Guaporé;2000;5437;3422;3870;19430;789;32948;2827;1741;1971;10616;527;17682;2610;1681;1899;8814;262;15266;16,50;10,39;11,75;58,97;2,39;15,99;9,85;11,15;60,04;2,98;17,10;11,01;12,44;57,74;1,72
12001;Alto Acre;2000;7001;4490;5375;24665;1956;43487;3522;2255;2765;12836;1149;22527;3479;2235;2610;11829;807;20960;16,10;10,32;12,36;56,72;4,50;15,63;10,01;12,27;56,98;5,10;16,60;10,66;12,45;56,44;3,85
12002;Baixo Acre e Purus;2000;56862;34206;41989;214269;13545;360871;28828;17214;21114;105886;7085;180127;28034;16992;20875;108383;6460;180744;15,76;9,48;11,64;59,38;3,75;16,00;9,56;11,72;58,78;3,93;15,51;9,40;11,55;59,96;3,57
12003;Juruá e Tarauacá/Envira;2000;28616;17199;20713;81392;5248;153168;14562;8653;10504;41782;2828;78329;14054;8546;10209;39610;2420;74839;18,68;11,23;13,52;53,14;3,43;18,59;11,05;13,41;53,34;3,61;18,78;11,42;13,64;52,93;3,23
13001;Entorno Manaus e Alto Rio Negro;2000;242352;148001;176594;1024291;52183;1643421;122783;74665;87949;501112;23050;809559;119569;73336;88645;523179;29133;833862;14,75;9,01;10,75;62,33;3,18;15,17;9,22;10,86;61,90;2,85;14,34;8,79;10,63;62,74;3,49
13002;Rio Negro e Solimões;2000;38525;23419;28240;108275;7214;205673;19336;11787;14226;56568;3959;105876;19189;11632;14014;51707;3255;99797;18,73;11,39;13,73;52,64;3,51;18,26;11,13;13,44;53,43;3,74;19,23;11,66;14,04;51,81;3,26
13003;Rio Madeira;2000;24324;15525;18124;67776;4687;130436;12400;8008;9356;35978;2544;68286;11924;7517;8768;31798;2143;62150;18,65;11,90;13,89;51,96;3,59;18,16;11,73;13,70;52,69;3,73;19,19;12,09;14,11;51,16;3,45
13004;Médio Amazonas;2000;22231;13897;16762;67059;5046;124995;11373;6988;8597;35520;2637;65115;10858;6909;8165;31539;2409;59880;17,79;11,12;13,41;53,65;4,04;17,47;10,73;13,20;54,55;4,05;18,13;11,54;13,64;52,67;4,02
13005;Baixo Amazonas;2000;32792;20842;24993;92106;7869;178602;16604;10615;12832;48236;4120;92407;16188;10227;12161;43870;3749;86195;18,36;11,67;13,99;51,57;4,41;17,97;11,49;13,89;52,20;4,46;18,78;11,86;14,11;50,90;4,35
13006;Regional Purus;2000;19517;12461;14799;54397;3165;104339;9828;6357;7726;28441;1740;54092;9689;6104;7073;25956;1425;50247;18,71;11,94;14,18;52,13;3,03;18,17;11,75;14,28;52,58;3,22;19,28;12,15;14,08;51,66;2,84
13007;Regional Juruá;2000;22451;13295;15041;51385;2768;104940;11440;6873;7779;26816;1581;54489;11011;6422;7262;24569;1187;50451;21,39;12,67;14,33;48,97;2,64;21,00;12,61;14,28;49,21;2,90;21,83;12,73;14,39;48,70;2,35
13008;Triângulo;2000;23381;14327;17160;62781;3160;120809;11641;7298;8677;32776;1724;62116;11740;7029;8483;30005;1436;58693;19,35;11,86;14,20;51,97;2,62;18,74;11,75;13,97;52,77;2,78;20,00;11,98;14,45;51,12;2,45
13009;Alto Solimões;2000;40378;25513;28221;99816;5414;199342;20300;12946;14409;51780;2992;102427;20078;12567;13812;48036;2422;96915;20,26;12,80;14,16;50,07;2,72;19,82;12,64;14,07;50,55;2,92;20,72;12,97;14,25;49,57;2,50
14001;Centro Norte;2000;44625;26950;31770;161374;7124;271843;22533;13607;16087;82197;3652;138076;22092;13343;15683;79177;3472;133767;16,42;9,91;11,69;59,36;2,62;16,32;9,85;11,65;59,53;2,64;16,52;9,97;11,72;59,19;2,60
14002;Sul;2000;8786;5656;7077;29718;1317;52554;4398;2902;3692;16197;772;27961;4388;2754;3385;13521;545;24593;16,72;10,76;13,47;56,55;2,51;15,73;10,38;13,20;57,93;2,76;17,84;11,20;13,76;54,98;2,22
15001;Araguaia;2000;49917;32507;40993;204692;9866;337975;25522;16642;21176;108595;5754;177689;24395;15865;19817;96097;4112;160286;14,77;9,62;12,13;60,56;2,92;14,36;9,37;11,92;61,12;3,24;15,22;9,90;12,36;59,95;2,57
15002;Baixo Amazonas;2000;100239;65440;80988;341725;26383;614775;51223;33383;41005;175531;13085;314227;49016;32057;39983;166194;13298;300548;16,30;10,64;13,17;55,59;4,29;16,30;10,62;13,05;55,86;4,16;16,31;10,67;13,30;55,30;4,42
15003;Carajás;2000;87047;55308;70038;318591;16180;547164;44058;28224;35432;164793;9215;281722;42989;27084;34606;153798;6965;265442;15,91;10,11;12,80;58,23;2,96;15,64;10,02;12,58;58,49;3,27;16,20;10,20;13,04;57,94;2,62
15004;Lago de Tucuruí;2000;41472;25956;32226;143757;6316;249727;21083;13081;16266;75457;3621;129508;20389;12875;15960;68300;2695;120219;16,61;10,39;12,90;57,57;2,53;16,28;10,10;12,56;58,26;2,80;16,96;10,71;13,28;56,81;2,24
15006;Metropolitana I;2000;216879;139154;180473;1183933;75097;1795536;110418;70558;89275;559167;29536;858954;106461;68596;91198;624766;45561;936582;12,08;7,75;10,05;65,94;4,18;12,85;8,21;10,39;65,10;3,44;11,37;7,32;9,74;66,71;4,86
15007;Metropolitana II;2000;43103;29098;35364;151844;11443;270852;21904;14843;17878;79358;5842;139825;21199;14255;17486;72486;5601;131027;15,91;10,74;13,06;56,06;4,22;15,67;10,62;12,79;56,76;4,18;16,18;10,88;13,35;55,32;4,27
15008;Metropolitana III;2000;106194;69613;86103;377700;26593;666203;54126;35212;43921;194658;13590;341507;52068;34401;42182;183042;13003;324696;15,94;10,45;12,92;56,69;3,99;15,85;10,31;12,86;57,00;3,98;16,04;10,59;12,99;56,37;4,00
15009;Rio Caetés;2000;66303;44130;55731;226867;19915;412946;34024;22534;28791;117758;10144;213251;32279;21596;26940;109109;9771;199695;16,06;10,69;13,50;54,94;4,82;15,95;10,57;13,50;55,22;4,76;16,16;10,81;13,49;54,64;4,89
15010;Tapajós;2000;30912;19548;23930;118804;4748;197942;15865;10118;12204;65072;2726;105985;15047;9430;11726;53732;2022;91957;15,62;9,88;12,09;60,02;2,40;14,97;9,55;11,51;61,40;2,57;16,36;10,25;12,75;58,43;2,20
15011;Tocantins;2000;79878;52970;64856;253463;18902;470069;40732;27107;32946;131637;9109;241531;39146;25863;31910;121826;9793;228538;16,99;11,27;13,80;53,92;4,02;16,86;11,22;13,64;54,50;3,77;17,13;11,32;13,96;53,31;4,29
15012;Xingu;2000;39714;26381;31971;144477;7372;249915;20286;13564;16492;76569;4272;131183;19428;12817;15479;67908;3100;118732;15,89;10,56;12,79;57,81;2,95;15,46;10,34;12,57;58,37;3,26;16,36;10,79;13,04;57,19;2,61
15013;Marajó I;2000;28745;18875;21961;87765;7448;164794;14668;9717;11449;46270;3655;85759;14077;9158;10512;41495;3793;79035;17,44;11,45;13,33;53,26;4,52;17,10;11,33;13,35;53,95;4,26;17,81;11,59;13,30;52,50;4,80
15014;Marajó II;2000;45796;26510;30333;104280;7490;214409;23337;13486;15632;55211;3961;111627;22459;13024;14701;49069;3529;102782;21,36;12,36;14,15;48,64;3,49;20,91;12,08;14,00;49,46;3,55;21,85;12,67;14,30;47,74;3,43
16001;Área Central;2000;50535;30214;37065;185061;8513;311388;25548;15437;18544;91084;3881;154494;24987;14777;18521;93977;4632;156894;16,23;9,70;11,90;59,43;2,73;16,54;9,99;12,00;58,96;2,51;15,93;9,42;11,80;59,90;2,95
16002;Área Norte;2000;7005;4224;4792;19197;926;36144;3656;2154;2495;10385;517;19207;3349;2070;2297;8812;409;16937;19,38;11,69;13,26;53,11;2,56;19,03;11,21;12,99;54,07;2,69;19,77;12,22;13,56;52,03;2,41
16003;Área Sudoeste;2000;23045;14017;16928;72118;3392;129500;11589;7233;8480;36717;1733;65752;11456;6784;8448;35401;1659;63748;17,80;10,82;13,07;55,69;2,62;17,63;11,00;12,90;55,84;2,64;17,97;10,64;13,25;55,53;2,60
17001;Médio Norte Araguaia;2000;30497;19970;25719;129414;9674;215274;15516;10211;12949;64882;5029;108587;14981;9759;12770;64532;4645;106687;14,17;9,28;11,95;60,12;4,49;14,29;9,40;11,93;59,75;4,63;14,04;9,15;11,97;60,49;4,35
17002;Bico do Papagaio;2000;25740;17407;23349;95012;8443;169951;13265;8873;11889;48350;4427;86804;12475;8534;11460;46662;4016;83147;15,15;10,24;13,74;55,91;4,97;15,28;10,22;13,70;55,70;5,10;15,00;10,26;13,78;56,12;4,83
17003;Sudeste;2000;12715;8367;11236;49070;4588;85976;6519;4284;5764;25866;2327;44760;6196;4083;5472;23204;2261;41216;14,79;9,73;13,07;57,07;5,34;14,56;9,57;12,88;57,79;5,20;15,03;9,91;13,28;56,30;5,49
17004;Cerrado Tocantins Araguaia;2000;17661;11880;14966;77226;6548;128281;8987;6136;7698;39915;3497;66233;8674;5744;7268;37311;3051;62048;13,77;9,26;11,67;60,20;5,10;13,57;9,26;11,62;60,26;5,28;13,98;9,26;11,71;60,13;4,92
17005;Ilha do Bananal;2000;19774;13538;17700;99397;7686;158095;10054;6993;9073;50383;4171;80674;9720;6545;8627;49014;3515;77421;12,51;8,56;11,20;62,87;4,86;12,46;8,67;11,25;62,45;5,17;12,55;8,45;11,14;63,31;4,54
17006;Capim Dourado;2000;30108;18148;22705;131945;5701;208607;15324;9196;11221;67461;3015;106217;14784;8952;11484;64484;2686;102390;14,43;8,70;10,88;63,25;2,73;14,43;8,66;10,56;63,51;2,84;14,44;8,74;11,22;62,98;2,62
17007;Cantão;2000;12404;8364;11126;59431;4871;96196;6349;4313;5812;30641;2631;49746;6055;4051;5314;28790;2240;46450;12,89;8,69;11,57;61,78;5,06;12,76;8,67;11,68;61,59;5,29;13,04;8,72;11,44;61,98;4,82
17008;Amor Perfeito;2000;13003;9269;11726;55764;4956;94718;6598;4769;6016;28797;2606;48786;6405;4500;5710;26967;2350;45932;13,73;9,79;12,38;58,87;5,23;13,52;9,78;12,33;59,03;5,34;13,94;9,80;12,43;58,71;5,12
21001;Açailândia;2000;34136;21616;28740;124263;6807;215562;17433;10876;14477;63879;3723;110388;16703;10740;14263;60384;3084;105174;15,84;10,03;13,33;57,65;3,16;15,79;9,85;13,11;57,87;3,37;15,88;10,21;13,56;57,41;2,93
21002;Bacabal;2000;35495;22569;30593;136098;12759;237514;17910;11381;15461;67168;6189;118109;17585;11188;15132;68930;6570;119405;14,94;9,50;12,88;57,30;5,37;15,16;9,64;13,09;56,87;5,24;14,73;9,37;12,67;57,73;5,50
21003;Balsas;2000;31485;20738;26431;109143;9759;197556;16064;10552;13440;55677;4719;100452;15421;10186;12991;53466;5040;97104;15,94;10,50;13,38;55,25;4,94;15,99;10,50;13,38;55,43;4,70;15,88;10,49;13,38;55,06;5,19
21004;Barra do Corda;2000;30086;20473;25660;98865;8344;183428;15129;10326;12937;50711;4445;93548;14957;10147;12723;48154;3899;89880;16,40;11,16;13,99;53,90;4,55;16,17;11,04;13,83;54,21;4,75;16,64;11,29;14,16;53,58;4,34
21005;Caxias;2000;36930;24545;32922;144808;14645;253850;18751;12346;16560;71081;7015;125753;18179;12199;16362;73727;7630;128097;14,55;9,67;12,97;57,04;5,77;14,91;9,82;13,17;56,52;5,58;14,19;9,52;12,77;57,56;5,96
21006;Chapadinha;2000;45284;29921;39766;153744;16046;284761;22859;15169;20030;79204;8184;145446;22425;14752;19736;74540;7862;139315;15,90;10,51;13,96;53,99;5,63;15,72;10,43;13,77;54,46;5,63;16,10;10,59;14,17;53,50;5,64
21007;Codó;2000;39713;25272;35115;149888;15592;265580;20105;12681;17599;73373;7587;131345;19608;12591;17516;76515;8005;134235;14,95;9,52;13,22;56,44;5,87;15,31;9,65;13,40;55,86;5,78;14,61;9,38;13,05;57,00;5,96
21008;Imperatriz;2000;62827;40332;55356;260957;19536;439008;31814;20459;27826;128123;9691;217913;31013;19873;27530;132834;9845;221095;14,31;9,19;12,61;59,44;4,45;14,60;9,39;12,77;58,80;4,45;14,03;8,99;12,45;60,08;4,45
21009;Itapecuru Mirim;2000;43997;28130;37870;146510;14734;271241;22241;13973;19209;73847;7561;136831;21756;14157;18661;72663;7173;134410;16,22;10,37;13,96;54,01;5,43;16,25;10,21;14,04;53,97;5,53;16,19;10,53;13,88;54,06;5,34
21010;Pedreiras;2000;28490;19403;26459;117903;11545;203800;14518;9786;13347;58119;5575;101345;13972;9617;13112;59784;5970;102455;13,98;9,52;12,98;57,85;5,66;14,33;9,66;13,17;57,35;5,50;13,64;9,39;12,80;58,35;5,83
21011;Pinheiro;2000;48673;33167;46163;184196;18156;330355;24594;16698;23560;94886;9026;168764;24079;16469;22603;89310;9130;161591;14,73;10,04;13,97;55,76;5,50;14,57;9,89;13,96;56,22;5,35;14,90;10,19;13,99;55,27;5,65
21012;Presidente Dutra;2000;37773;25405;33040;147311;14211;257740;19144;12697;16724;74024;6985;129574;18629;12708;16316;73287;7226;128166;14,66;9,86;12,82;57,15;5,51;14,77;9,80;12,91;57,13;5,39;14,54;9,92;12,73;57,18;5,64
21013;Rosário;2000;36120;24198;30902;112392;11358;214970;18168;12322;15716;58306;5773;110285;17952;11876;15186;54086;5585;104685;16,80;11,26;14,38;52,28;5,28;16,47;11,17;14,25;52,87;5,23;17,15;11,34;14,51;51,67;5,34
21014;Santa Inês;2000;55855;35151;46014;191596;16983;345599;28264;17682;23118;95976;8699;173739;27591;17469;22896;95620;8284;171860;16,16;10,17;13,31;55,44;4,91;16,27;10,18;13,31;55,24;5,01;16,05;10,16;13,32;55,64;4,82
21015;São João dos Patos;2000;30398;21257;27230;118483;11735;209103;15270;10616;13853;59474;5646;104859;15128;10641;13377;59009;6089;104244;14,54;10,17;13,02;56,66;5,61;14,56;10,12;13,21;56,72;5,38;14,51;10,21;12,83;56,61;5,84
21016;São Luís;2000;132652;85533;125221;707385;41188;1091979;67262;43094;61211;327244;16974;515785;65390;42439;64010;380141;24214;576194;12,15;7,83;11,47;64,78;3,77;13,04;8,36;11,87;63,45;3,29;11,35;7,37;11,11;65,97;4,20
21017;Timon;2000;29448;18051;25425;118539;9985;201448;14980;9078;12893;57988;4736;99675;14468;8973;12532;60551;5249;101773;14,62;8,96;12,62;58,84;4,96;15,03;9,11;12,94;58,18;4,75;14,22;8,82;12,31;59,50;5,16
21018;Viana;2000;31843;22165;30338;121083;12523;217952;16043;11248;15615;61594;6017;110517;15800;10917;14723;59489;6506;107435;14,61;10,17;13,92;55,55;5,75;14,52;10,18;14,13;55,73;5,44;14,71;10,16;13,70;55,37;6,06
21019;Zé Doca;2000;37650;24695;32308;125327;10049;230029;19108;12523;16429;64798;5495;118353;18542;12172;15879;60529;4554;111676;16,37;10,74;14,05;54,48;4,37;16,14;10,58;13,88;54,75;4,64;16,60;10,90;14,22;54,20;4,08
22001;Carnaubais;2000;18714;12364;18759;89887;9827;149551;9561;6336;9552;44616;4908;74973;9153;6028;9207;45271;4919;74578;12,51;8,27;12,54;60,10;6,57;12,75;8,45;12,74;59,51;6,55;12,27;8,08;12,35;60,70;6,60
22002;Chapada das Mangabeiras;2000;24878;16189;22716;95926;9141;168850;12597;8231;11585;49568;4445;86426;12281;7958;11131;46358;4696;82424;14,73;9,59;13,45;56,81;5,41;14,58;9,52;13,40;57,35;5,14;14,90;9,65;13,50;56,24;5,70
22003;Cocais;2000;49255;33785;47760;205090;21746;357636;25238;17329;24253;101952;10721;179493;24017;16456;23507;103138;11025;178143;13,77;9,45;13,35;57,35;6,08;14,06;9,65;13,51;56,80;5,97;13,48;9,24;13,20;57,90;6,19
22004;Entre Rios;2000;125688;81535;121017;655487;51606;1035333;63852;41207;60517;306993;22751;495320;61836;40328;60500;348494;28855;540013;12,14;7,88;11,69;63,31;4,98;12,89;8,32;12,22;61,98;4,59;11,45;7,47;11,20;64,53;5,34
22005;Planície Litorânea;2000;31642;20637;30003;141683;14441;238406;15932;10369;15017;69569;6684;117571;15710;10268;14986;72114;7757;120835;13,27;8,66;12,58;59,43;6,06;13,55;8,82;12,77;59,17;5,69;13,00;8,50;12,40;59,68;6,42
22006;Serra da Capivara;2000;16868;11258;15888;75061;7536;126611;8653;5616;8088;38003;3536;63896;8215;5642;7800;37058;4000;62715;13,32;8,89;12,55;59,28;5,95;13,54;8,79;12,66;59,48;5,53;13,10;9,00;12,44;59,09;6,38
22007;Tabuleiros do Alto Parnaíba;2000;5346;3705;4938;21167;2042;37198;2701;1881;2533;10797;988;18900;2645;1824;2405;10370;1054;18298;14,37;9,96;13,27;56,90;5,49;14,29;9,95;13,40;57,13;5,23;14,46;9,97;13,14;56,67;5,76
22008;Vale do Canindé;2000;12843;8121;12313;57618;6172;97067;6498;4100;6199;28496;2909;48202;6345;4021;6114;29122;3263;48865;13,23;8,37;12,69;59,36;6,36;13,48;8,51;12,86;59,12;6,04;12,98;8,23;12,51;59,60;6,68
22009;Vale do Rio Guaribas;2000;42333;27361;39212;202123;19716;330745;21382;13916;19802;99287;9535;163922;20951;13445;19410;102836;10181;166823;12,80;8,27;11,86;61,11;5,96;13,04;8,49;12,08;60,57;5,82;12,56;8,06;11,64;61,64;6,10
22010;Vale do Sambito;2000;12288;8134;12058;62965;7813;103258;6220;4090;6038;30617;3872;50837;6068;4044;6020;32348;3941;52421;11,90;7,88;11,68;60,98;7,57;12,24;8,05;11,88;60,23;7,62;11,58;7,71;11,48;61,71;7,52
22011;Vale dos Rios Piauí e Itaueiras;2000;25106;16645;25133;119210;12529;198623;12746;8515;12679;59029;5781;98750;12360;8130;12454;60181;6748;99873;12,64;8,38;12,65;60,02;6,31;12,91;8,62;12,84;59,78;5,85;12,38;8,14;12,47;60,26;6,76
23001;1ª Região Fortaleza;2000;264919;173660;233407;1475763;114839;2262588;134449;88432;116399;680037;44634;1063951;130470;85228;117008;795726;70205;1198637;11,71;7,68;10,32;65,22;5,08;12,64;8,31;10,94;63,92;4,20;10,88;7,11;9,76;66,39;5,86
23002;2ª Região Caucaia;2000;66966;42118;54075;269665;22381;455205;33989;21364;27363;133973;10687;227376;32977;20754;26712;135692;11694;227829;14,71;9,25;11,88;59,24;4,92;14,95;9,40;12,03;58,92;4,70;14,47;9,11;11,72;59,56;5,13
23003;3ª Região Maracanaú;2000;56275;37567;48838;242565;19005;404250;28774;19117;24605;118633;8693;199822;27501;18450;24233;123932;10312;204428;13,92;9,29;12,08;60,00;4,70;14,40;9,57;12,31;59,37;4,35;13,45;9,03;11,85;60,62;5,04
23004;4ª Região Baturité;2000;17516;11697;15043;70273;9401;123930;8983;5960;7711;35737;4693;63084;8533;5737;7332;34536;4708;60846;14,13;9,44;12,14;56,70;7,59;14,24;9,45;12,22;56,65;7,44;14,02;9,43;12,05;56,76;7,74
23005;5ª Região Canindé;2000;26385;16875;22478;98054;13094;176886;13471;8612;11493;49341;6529;89446;12914;8263;10985;48713;6565;87440;14,92;9,54;12,71;55,43;7,40;15,06;9,63;12,85;55,16;7,30;14,77;9,45;12,56;55,71;7,51
23006;6ª Região Itapipoca;2000;34656;23007;30357;125185;14726;227931;17633;11735;15440;64211;7326;116345;17023;11272;14917;60974;7400;111586;15,20;10,09;13,32;54,92;6,46;15,16;10,09;13,27;55,19;6,30;15,26;10,10;13,37;54,64;6,63
23007;7ª Região Aracati;2000;11846;8279;11279;58477;6003;95884;6157;4200;5692;28971;2671;47691;5689;4079;5587;29506;3332;48193;12,35;8,63;11,76;60,99;6,26;12,91;8,81;11,94;60,75;5,60;11,80;8,46;11,59;61,22;6,91
23008;8ª Região Quixadá;2000;37889;25594;33103;159481;20889;276956;19458;13033;16768;78711;10327;138297;18431;12561;16335;80770;10562;138659;13,68;9,24;11,95;57,58;7,54;14,07;9,42;12,12;56,91;7,47;13,29;9,06;11,78;58,25;7,62
23009;9ª Região Russas;2000;22070;15591;21204;106139;12641;177645;11427;7849;10785;52788;6102;88951;10643;7742;10419;53351;6539;88694;12,42;8,78;11,94;59,75;7,12;12,85;8,82;12,12;59,35;6,86;12,00;8,73;11,75;60,15;7,37
23010;10ª Região Limoeiro do Norte;2000;24740;16322;23372;122602;14830;201866;12605;8258;11862;60128;7061;99914;12135;8064;11510;62474;7769;101952;12,26;8,09;11,58;60,73;7,35;12,62;8,27;11,87;60,18;7,07;11,90;7,91;11,29;61,28;7,62
23011;11ª Região Sobral;2000;77822;50451;67648;307155;38371;541447;39600;25747;34367;149965;18003;267682;38222;24704;33281;157190;20368;273765;14,37;9,32;12,49;56,73;7,09;14,79;9,62;12,84;56,02;6,73;13,96;9,02;12,16;57,42;7,44
23012;12ª Região Acaraú;2000;27458;18057;24194;97971;10216;177896;14005;9285;12274;49526;5222;90312;13453;8772;11920;48445;4994;87584;15,43;10,15;13,60;55,07;5,74;15,51;10,28;13,59;54,84;5,78;15,36;10,02;13,61;55,31;5,70
23013;13ª Região Tianguá;2000;38910;26138;33430;143304;17191;258973;19653;13283;16813;71332;8098;129179;19257;12855;16617;71972;9093;129794;15,02;10,09;12,91;55,34;6,64;15,21;10,28;13,02;55,22;6,27;14,84;9,90;12,80;55,45;7,01
23014;14ª Região Tauá;2000;14709;9763;13201;60914;7653;106240;7462;4962;6747;29579;3833;52583;7247;4801;6454;31335;3820;53657;13,85;9,19;12,43;57,34;7,20;14,19;9,44;12,83;56,25;7,29;13,51;8,95;12,03;58,40;7,12
23015;15ª Região Crateús;2000;37025;25482;34429;163766;22807;283509;18830;12967;17363;79626;10938;139724;18195;12515;17066;84140;11869;143785;13,06;8,99;12,14;57,76;8,04;13,48;9,28;12,43;56,99;7,83;12,65;8,70;11,87;58,52;8,25
23016;16ª Região Camocim;2000;21938;13589;17673;77365;8053;138618;11049;6852;9028;38735;3904;69568;10889;6737;8645;38630;4149;69050;15,83;9,80;12,75;55,81;5,81;15,88;9,85;12,98;55,68;5,61;15,77;9,76;12,52;55,94;6,01
23017;17ª Região Icó;2000;19887;13892;19843;98168;12717;164507;10112;7073;10091;47614;6221;81111;9775;6819;9752;50554;6496;83396;12,09;8,44;12,06;59,67;7,73;12,47;8,72;12,44;58,70;7,67;11,72;8,18;11,69;60,62;7,79
23018;18ª Região Iguatú;2000;33861;23671;34315;170432;21649;283928;17256;11980;17304;83119;10531;140190;16605;11691;17011;87313;11118;143738;11,93;8,34;12,09;60,03;7,62;12,31;8,55;12,34;59,29;7,51;11,55;8,13;11,83;60,74;7,73
23019;19ª Região Brejo Santo;2000;25024;17060;24143;111812;13342;191381;12758;8609;12241;54152;6224;93984;12266;8451;11902;57660;7118;97397;13,08;8,91;12,62;58,42;6,97;13,57;9,16;13,02;57,62;6,62;12,59;8,68;12,22;59,20;7,31
23020;20ª Região Crato;2000;40080;26767;36440;174837;21131;299255;20452;13588;18382;83232;9565;145219;19628;13179;18058;91605;11566;154036;13,39;8,94;12,18;58,42;7,06;14,08;9,36;12,66;57,31;6,59;12,74;8,56;11,72;59,47;7,51
23021;21ª Região Juazeiro do Norte;2000;47463;30177;41554;206738;23260;349192;24231;15289;20805;97317;9631;167273;23232;14888;20749;109421;13629;181919;13,59;8,64;11,90;59,20;6,66;14,49;9,14;12,44;58,18;5,76;12,77;8,18;11,41;60,15;7,49
23022;22ª Região Cascavel;2000;31561;20956;26530;138842;14685;232574;15878;10636;13349;69656;7253;116772;15683;10320;13181;69186;7432;115802;13,57;9,01;11,41;59,70;6,31;13,60;9,11;11,43;59,65;6,21;13,54;8,91;11,38;59,75;6,42
24001;1ª Região de Saúde - São José de Mipibu;2000;44548;29230;37897;179830;21431;312936;22651;14783;19330;90446;10392;157602;21897;14447;18567;89384;11039;155334;14,24;9,34;12,11;57,47;6,85;14,37;9,38;12,27;57,39;6,59;14,10;9,30;11,95;57,54;7,11
24002;2ª Região de Saúde - Mossoró;2000;43270;29063;41723;238130;22410;374596;22137;14730;20987;115654;10426;183934;21133;14333;20736;122476;11984;190662;11,55;7,76;11,14;63,57;5,98;12,04;8,01;11,41;62,88;5,67;11,08;7,52;10,88;64,24;6,29
24003;3ª Região de Saúde - João Câmara;2000;41588;26465;36039;168364;19324;291780;21170;13547;18277;85014;9508;147516;20418;12918;17762;83350;9816;144264;14,25;9,07;12,35;57,70;6,62;14,35;9,18;12,39;57,63;6,45;14,15;8,95;12,31;57,78;6,80
24004;4ª Região de Saúde - Caicó;2000;30887;20740;31569;176142;22760;282098;15703;10620;15999;86196;10545;139063;15184;10120;15570;89946;12215;143035;10,95;7,35;11,19;62,44;8,07;11,29;7,64;11,50;61,98;7,58;10,62;7,08;10,89;62,88;8,54
24005;5ª Região de Saúde - Santa Cruz;2000;22774;15257;21061;97158;13810;170060;11566;7682;10706;48554;6671;85179;11208;7575;10355;48604;7139;84881;13,39;8,97;12,38;57,13;8,12;13,58;9,02;12,57;57,00;7,83;13,20;8,92;12,20;57,26;8,41
24006;6ª Região de Saúde - Pau dos Ferros;2000;27200;19022;27934;142928;17887;234971;13792;9681;14217;69452;8765;115907;13408;9341;13717;73476;9122;119064;11,58;8,10;11,89;60,83;7,61;11,90;8,35;12,27;59,92;7,56;11,26;7,85;11,52;61,71;7,66
24007;7ª Região de Saúde - Metropolitana;2000;114283;74215;101816;639484;51099;980897;58366;37386;50774;298823;20719;466068;55917;36829;51042;340661;30380;514829;11,65;7,57;10,38;65,19;5,21;12,52;8,02;10,89;64,12;4,45;10,86;7,15;9,91;66,17;5,90
24008;8ª Região de Saúde - Açu;2000;15542;10096;15420;79242;9144;129444;7936;5134;7853;39388;4373;64684;7606;4962;7567;39854;4771;64760;12,01;7,80;11,91;61,22;7,06;12,27;7,94;12,14;60,89;6,76;11,74;7,66;11,68;61,54;7,37
25001;1ª Região Mata Atlântica;2000;116885;77936;104530;655568;56378;1011297;59258;39361;52464;308462;22829;482374;57627;38575;52066;347106;33549;528923;11,56;7,71;10,34;64,82;5,57;12,28;8,16;10,88;63,95;4,73;10,90;7,29;9,84;65,63;6,34
25002;2ª Região;2000;37054;25722;35229;168744;25909;292658;18780;12975;17896;82116;12074;143841;18274;12747;17333;86628;13835;148817;12,66;8,79;12,04;57,66;8,85;13,06;9,02;12,44;57,09;8,39;12,28;8,57;11,65;58,21;9,30
25003;3ª Região;2000;21930;15533;21290;104118;16097;178968;11079;7849;10716;50575;7324;87543;10851;7684;10574;53543;8773;91425;12,25;8,68;11,90;58,18;8,99;12,66;8,97;12,24;57,77;8,37;11,87;8,40;11,57;58,56;9,60
25004;4ª Região;2000;12474;7968;12186;57141;8640;98409;6315;4092;6125;28235;4154;48921;6159;3876;6061;28906;4486;49488;12,68;8,10;12,38;58,06;8,78;12,91;8,36;12,52;57,72;8,49;12,45;7,83;12,25;58,41;9,06
25005;5ª Região;2000;12249;8336;12461;64331;10593;107970;6195;4262;6373;31713;4988;53531;6054;4074;6088;32618;5605;54439;11,34;7,72;11,54;59,58;9,81;11,57;7,96;11,91;59,24;9,32;11,12;7,48;11,18;59,92;10,30
25006;6ª Região;2000;24998;16317;24419;127074;15612;208420;12673;8287;12375;60945;7071;101351;12325;8030;12044;66129;8541;107069;11,99;7,83;11,72;60,97;7,49;12,50;8,18;12,21;60,13;6,98;11,51;7,50;11,25;61,76;7,98
25007;7ª Região;2000;17881;12659;18518;88219;9948;147225;9056;6492;9304;42677;4754;72283;8825;6167;9214;45542;5194;74942;12,15;8,60;12,58;59,92;6,76;12,53;8,98;12,87;59,04;6,58;11,78;8,23;12,29;60,77;6,93
25008;8ª Região;2000;12065;8298;11687;63200;7167;102417;6223;4280;6034;30747;3434;50718;5842;4018;5653;32453;3733;51699;11,78;8,10;11,41;61,71;7,00;12,27;8,44;11,90;60,62;6,77;11,30;7,77;10,93;62,77;7,22
25009;9ª Região;2000;18222;12678;18557;95421;12291;157169;9297;6340;9340;45902;5833;76712;8925;6338;9217;49519;6458;80457;11,59;8,07;11,81;60,71;7,82;12,12;8,26;12,18;59,84;7,60;11,09;7,88;11,46;61,55;8,03
25010;10ª Região;2000;11017;7822;11673;67754;8062;106328;5583;3987;5868;32539;3875;51852;5434;3835;5805;35215;4187;54476;10,36;7,36;10,98;63,72;7,58;10,77;7,69;11,32;62,75;7,47;9,98;7,04;10,66;64,64;7,69
25011;11ª Região;2000;10612;7209;10580;43784;5072;77257;5343;3632;5414;21253;2400;38042;5269;3577;5166;22531;2672;39215;13,74;9,33;13,69;56,67;6,57;14,05;9,55;14,23;55,87;6,31;13,44;9,12;13,17;57,46;6,81
25012;12ª Região;2000;20863;14472;19264;95258;13608;163465;10499;7341;9785;46891;6233;80749;10364;7131;9479;48367;7375;82716;12,76;8,85;11,78;58,27;8,32;13,00;9,09;12,12;58,07;7,72;12,53;8,62;11,46;58,47;8,92
25013;13ª Região;2000;6162;4370;6393;35370;4704;56999;3096;2236;3236;16892;2272;27732;3066;2134;3157;18478;2432;29267;10,81;7,67;11,22;62,05;8,25;11,16;8,06;11,67;60,91;8,19;10,48;7,29;10,79;63,14;8,31
25014;14ª Região;2000;17198;11632;15227;74838;9634;128529;8764;5848;7772;37490;4435;64309;8434;5784;7455;37348;5199;64220;13,38;9,05;11,85;58,23;7,50;13,63;9,09;12,09;58,30;6,90;13,13;9,01;11,61;58,16;8,10
25015;15ª Região;2000;18069;12944;17084;77518;11368;136983;9081;6413;8560;38049;5377;67480;8988;6531;8524;39469;5991;69503;13,19;9,45;12,47;56,59;8,30;13,46;9,50;12,69;56,39;7,97;12,93;9,40;12,26;56,79;8,62
25016;16ª Região;2000;54978;37160;50799;293688;33106;469731;28076;18854;25589;138244;13777;224540;26902;18306;25210;155444;19329;245191;11,70;7,91;10,81;62,52;7,05;12,50;8,40;11,40;61,57;6,14;10,97;7,47;10,28;63,40;7,88
26001;Afogados da Ingazeira;2000;20811;14036;21035;103024;13746;172652;10381;7014;10616;50125;6507;84643;10430;7022;10419;52899;7239;88009;12,05;8,13;12,18;59,67;7,96;12,26;8,29;12,54;59,22;7,69;11,85;7,98;11,84;60,11;8,23
26002;Arcoverde;2000;45714;29283;41510;191637;21970;330114;22827;14669;20896;92765;10208;161365;22887;14614;20614;98872;11762;168749;13,85;8,87;12,57;58,05;6,66;14,15;9,09;12,95;57,49;6,33;13,56;8,66;12,22;58,59;6,97
26003;Caruaru;2000;136193;88392;118123;649522;80897;1073127;68923;44515;59154;311569;37033;521194;67270;43877;58969;337953;43864;551933;12,69;8,24;11,01;60,53;7,54;13,22;8,54;11,35;59,78;7,11;12,19;7,95;10,68;61,23;7,95
26004;Garanhuns;2000;66039;41617;58061;280989;35767;482473;33277;21014;28984;135355;16100;234730;32762;20603;29077;145634;19667;247743;13,69;8,63;12,03;58,24;7,41;14,18;8,95;12,35;57,66;6,86;13,22;8,32;11,74;58,78;7,94
26005;Goiana;2000;37454;25600;33229;179357;18430;294070;19036;12934;16941;87654;8705;145270;18418;12666;16288;91703;9725;148800;12,74;8,71;11,30;60,99;6,27;13,10;8,90;11,66;60,34;5,99;12,38;8,51;10,95;61,63;6,54
26006;Limoeiro;2000;64673;44017;60093;327236;36175;532194;32843;22403;30248;157841;16851;260186;31830;21614;29845;169395;19324;272008;12,15;8,27;11,29;61,49;6,80;12,62;8,61;11,63;60,66;6,48;11,70;7,95;10,97;62,28;7,10
26007;Ouricuri;2000;44861;26623;38613;169447;17107;296651;22795;13443;19361;83722;8059;147380;22066;13180;19252;85725;9048;149271;15,12;8,97;13,02;57,12;5,77;15,47;9,12;13,14;56,81;5,47;14,78;8,83;12,90;57,43;6,06
26008;Palmares;2000;72453;48165;63998;308928;29035;522579;36657;24206;32339;152275;14618;260095;35796;23959;31659;156653;14417;262484;13,86;9,22;12,25;59,12;5,56;14,09;9,31;12,43;58,55;5,62;13,64;9,13;12,06;59,68;5,49
26009;Petrolina;2000;48596;30121;40166;208493;14204;341580;24590;15320;20343;101627;6392;168272;24006;14801;19823;106866;7812;173308;14,23;8,82;11,76;61,04;4,16;14,61;9,10;12,09;60,39;3,80;13,85;8,54;11,44;61,66;4,51
26010;Recife;2000;383607;257381;347857;2352798;195996;3537639;195216;130531;175503;1102166;76639;1680055;188391;126850;172354;1250632;119357;1857584;10,84;7,28;9,83;66,51;5,54;11,62;7,77;10,45;65,60;4,56;10,14;6,83;9,28;67,33;6,43
26011;Salgueiro;2000;17863;11389;16004;75368;8040;128664;9062;5716;8176;36506;3578;63038;8801;5673;7828;38862;4462;65626;13,88;8,85;12,44;58,58;6,25;14,38;9,07;12,97;57,91;5,68;13,41;8,64;11,93;59,22;6,80
26012;Serra Talhada;2000;26521;17428;25630;122205;14817;206601;13300;8675;12780;58866;6808;100429;13221;8753;12850;63339;8009;106172;12,84;8,44;12,41;59,15;7,17;13,24;8,64;12,73;58,61;6,78;12,45;8,24;12,10;59,66;7,54
27001;1ª Região de Saúde;2000;129322;79676;103154;645109;43900;1001161;65735;40477;51286;302254;17585;477337;63587;39199;51868;342855;26315;523824;12,92;7,96;10,30;64,44;4,38;13,77;8,48;10,74;63,32;3,68;12,14;7,48;9,90;65,45;5,02
27002;2ª Região de Saúde;2000;23529;14342;17272;81569;6665;143377;11808;7189;8707;41764;3507;72975;11721;7153;8565;39805;3158;70402;16,41;10,00;12,05;56,89;4,65;16,18;9,85;11,93;57,23;4,81;16,65;10,16;12,17;56,54;4,49
27003;3ª Região de Saúde;2000;32166;19551;25043;114884;10941;202585;16221;9843;12559;57498;5539;101660;15945;9708;12484;57386;5402;100925;15,88;9,65;12,36;56,71;5,40;15,96;9,68;12,35;56,56;5,45;15,80;9,62;12,37;56,86;5,35
27004;4ª Região de Saúde;2000;20811;13108;16859;80250;7606;138634;10458;6561;8463;40092;3704;69278;10353;6547;8396;40158;3902;69356;15,01;9,46;12,16;57,89;5,49;15,10;9,47;12,22;57,87;5,35;14,93;9,44;12,11;57,90;5,63
27005;5ª Região de Saúde;2000;30238;19398;25029;119578;8015;202258;15110;9552;12607;59280;3897;100446;15128;9846;12422;60298;4118;101812;14,95;9,59;12,37;59,12;3,96;15,04;9,51;12,55;59,02;3,88;14,86;9,67;12,20;59,22;4,04
27006;6ª Região de Saúde;2000;24942;16204;21777;100316;9568;172807;12602;8184;10972;49851;4402;86011;12340;8020;10805;50465;5166;86796;14,43;9,38;12,60;58,05;5,54;14,65;9,52;12,76;57,96;5,12;14,22;9,24;12,45;58,14;5,95
27007;7ª Região de Saúde;2000;65504;41652;55699;263261;22585;448701;32911;21028;27718;127550;10400;219607;32593;20624;27981;135711;12185;229094;14,60;9,28;12,41;58,67;5,03;14,99;9,58;12,62;58,08;4,74;14,23;9,00;12,21;59,24;5,32
27008;8ª Região de Saúde;2000;19663;13051;18603;90942;10335;152594;9937;6522;9308;43635;4652;74054;9726;6529;9295;47307;5683;78540;12,89;8,55;12,19;59,60;6,77;13,42;8,81;12,57;58,92;6,28;12,38;8,31;11,83;60,23;7,24
27009;9ª Região de Saúde;2000;37262;22200;29339;117616;12480;218897;18691;11052;14641;57841;5760;107985;18571;11148;14698;59775;6720;110912;17,02;10,14;13,40;53,73;5,70;17,31;10,23;13,56;53,56;5,33;16,74;10,05;13,25;53,89;6,06
27010;10ª Região de Saúde;2000;22036;13933;18868;78705;8065;141607;11102;7029;9410;38397;3651;69589;10934;6904;9458;40308;4414;72018;15,56;9,84;13,32;55,58;5,70;15,95;10,10;13,52;55,18;5,25;15,18;9,59;13,13;55,97;6,13
28001;Aracaju;2000;70404;45586;63219;400644;28375;608228;35762;23056;31655;186899;10882;288254;34642;22530;31564;213745;17493;319974;11,58;7,49;10,39;65,87;4,67;12,41;8,00;10,98;64,84;3,78;10,83;7,04;9,86;66,80;5,47
28002;Estância;2000;30731;19890;26130;122363;10643;209757;15598;10014;13408;61107;4978;105105;15133;9876;12722;61256;5665;104652;14,65;9,48;12,46;58,34;5,07;14,84;9,53;12,76;58,14;4,74;14,46;9,44;12,16;58,53;5,41
28003;Itabaiana;2000;28090;17885;23634;126360;12926;208895;14346;9292;11969;62565;6015;104187;13744;8593;11665;63795;6911;104708;13,45;8,56;11,31;60,49;6,19;13,77;8,92;11,49;60,05;5,77;13,13;8,21;11,14;60,93;6,60
28004;Lagarto;2000;29969;19768;26019;131464;14150;221370;15257;9939;13128;64906;6501;109731;14712;9829;12891;66558;7649;111639;13,54;8,93;11,75;59,39;6,39;13,90;9,06;11,96;59,15;5,92;13,18;8,80;11,55;59,62;6,85
28005;Nossa Senhora da Glória;2000;20886;13140;17107;77188;6740;135061;10691;6685;8678;39295;3341;68690;10195;6455;8429;37893;3399;66371;15,46;9,73;12,67;57,15;4,99;15,56;9,73;12,63;57,21;4,86;15,36;9,73;12,70;57,09;5,12
28006;Nossa Senhora do Socorro;2000;37662;23584;30274;156289;9932;257741;19283;11961;15346;76385;4499;127474;18379;11623;14928;79904;5433;130267;14,61;9,15;11,75;60,64;3,85;15,13;9,38;12,04;59,92;3,53;14,11;8,92;11,46;61,34;4,17
28007;Propriá;2000;20259;13214;17876;83261;8813;143423;10172;6635;9033;41591;4034;71465;10087;6579;8843;41670;4779;71958;14,13;9,21;12,46;58,05;6,14;14,23;9,28;12,64;58,20;5,64;14,02;9,14;12,29;57,91;6,64
29001;Alagoinhas;2000;60731;40590;53243;274607;28922;458093;30572;20604;27256;135368;13086;226886;30159;19986;25987;139239;15836;231207;13,26;8,86;11,62;59,95;6,31;13,47;9,08;12,01;59,66;5,77;13,04;8,64;11,24;60,22;6,85
29002;Barreiras;2000;43284;29394;40135;189740;14617;317170;22056;14879;20169;97874;7159;162137;21228;14515;19966;91866;7458;155033;13,65;9,27;12,65;59,82;4,61;13,60;9,18;12,44;60,36;4,42;13,69;9,36;12,88;59,26;4,81
29003;Brumado;2000;44877;32638;45555;240117;28742;391929;22617;16590;23118;120351;13074;195750;22260;16048;22437;119766;15668;196179;11,45;8,33;11,62;61,27;7,33;11,55;8,48;11,81;61,48;6,68;11,35;8,18;11,44;61,05;7,99
29004;Camaçari;2000;49721;32330;42625;242859;12788;380323;25322;16172;21709;120808;5622;189633;24399;16158;20916;122051;7166;190690;13,07;8,50;11,21;63,86;3,36;13,35;8,53;11,45;63,71;2,96;12,80;8,47;10,97;64,00;3,76
29005;Cruz das Almas;2000;27502;18955;27383;144832;16126;234798;14039;9609;13940;70243;6545;114376;13463;9346;13443;74589;9581;120422;11,71;8,07;11,66;61,68;6,87;12,27;8,40;12,19;61,41;5,72;11,18;7,76;11,16;61,94;7,96
29006;Feira de Santana;2000;118452;81272;111858;611950;59321;982853;60290;41271;56548;293856;25614;477579;58162;40001;55310;318094;33707;505274;12,05;8,27;11,38;62,26;6,04;12,62;8,64;11,84;61,53;5,36;11,51;7,92;10,95;62,95;6,67
29007;Guanambi;2000;48995;36083;50189;249289;26962;411518;25015;18480;25419;125578;12593;207085;23980;17603;24770;123711;14369;204433;11,91;8,77;12,20;60,58;6,55;12,08;8,92;12,27;60,64;6,08;11,73;8,61;12,12;60,51;7,03
29008;Ibotirama;2000;25246;17422;23206;97204;11613;174691;12753;8868;11821;50723;5401;89566;12493;8554;11385;46481;6212;85125;14,45;9,97;13,28;55,64;6,65;14,24;9,90;13,20;56,63;6,03;14,68;10,05;13,37;54,60;7,30
29009;Ilhéus;2000;46613;31332;45134;227461;19427;369967;23480;16008;22859;115152;9971;187470;23133;15324;22275;112309;9456;182497;12,60;8,47;12,20;61,48;5,25;12,52;8,54;12,19;61,42;5,32;12,68;8,40;12,21;61,54;5,18
29010;Irecê;2000;50072;33459;45957;223298;20208;372994;25617;16852;23283;113511;9659;188922;24455;16607;22674;109787;10549;184072;13,42;8,97;12,32;59,87;5,42;13,56;8,92;12,32;60,08;5,11;13,29;9,02;12,32;59,64;5,73
29011;Itaberaba;2000;33679;22347;31053;137518;16670;241267;17103;11284;15805;68767;7556;120515;16576;11063;15248;68751;9114;120752;13,96;9,26;12,87;57,00;6,91;14,19;9,36;13,11;57,06;6,27;13,73;9,16;12,63;56,94;7,55
29012;Itabuna;2000;63546;44582;64348;329265;33720;535461;32414;22485;32463;161971;16744;266077;31132;22097;31885;167294;16976;269384;11,87;8,33;12,02;61,49;6,30;12,18;8,45;12,20;60,87;6,29;11,56;8,20;11,84;62,10;6,30
29013;Itapetinga;2000;28026;19995;28006;146251;16031;238309;14127;10061;14280;73790;8101;120359;13899;9934;13726;72461;7930;117950;11,76;8,39;11,75;61,37;6,73;11,74;8,36;11,86;61,31;6,73;11,78;8,42;11,64;61,43;6,72
29014;Jacobina;2000;46477;32645;46052;216322;23668;365164;23613;16564;23191;108257;11117;182742;22864;16081;22861;108065;12551;182422;12,73;8,94;12,61;59,24;6,48;12,92;9,06;12,69;59,24;6,08;12,53;8,82;12,53;59,24;6,88
29015;Jequié;2000;62686;45177;63790;316677;36961;525291;31889;22847;32313;158312;17551;262912;30797;22330;31477;158365;19410;262379;11,93;8,60;12,14;60,29;7,04;12,13;8,69;12,29;60,21;6,68;11,74;8,51;12,00;60,36;7,40
29016;Juazeiro;2000;61033;39470;53037;269790;23925;447255;30894;20120;26711;135880;10874;224479;30139;19350;26326;133910;13051;222776;13,65;8,82;11,86;60,32;5,35;13,76;8,96;11,90;60,53;4,84;13,53;8,69;11,82;60,11;5,86
29017;Paulo Afonso;2000;28724;18933;25738;132055;13071;218521;14526;9698;12947;64721;6187;108079;14198;9235;12791;67334;6884;110442;13,14;8,66;11,78;60,43;5,98;13,44;8,97;11,98;59,88;5,72;12,86;8,36;11,58;60,97;6,23
29018;Porto Seguro;2000;41803;25706;34906;178340;11925;292680;21466;12982;17728;90283;6163;148622;20337;12724;17178;88057;5762;144058;14,28;8,78;11,93;60,93;4,07;14,44;8,73;11,93;60,75;4,15;14,12;8,83;11,92;61,13;4,00
29019;Ribeira do Pombal;2000;40277;27128;36891;176372;20847;301515;20346;13635;18506;87767;10096;150350;19931;13493;18385;88605;10751;151165;13,36;9,00;12,24;58,50;6,91;13,53;9,07;12,31;58,38;6,71;13,18;8,93;12,16;58,61;7,11
29020;Salvador;2000;298144;193531;264539;1945162;127637;2829013;152203;98190;132827;910775;46834;1340829;145941;95341;131712;1034387;80803;1488184;10,54;6,84;9,35;68,76;4,51;11,35;7,32;9,91;67,93;3,49;9,81;6,41;8,85;69,51;5,43
29021;Santa Maria da Vitória;2000;37313;26861;36528;166314;16538;283554;18987;13581;18679;85174;7983;144404;18326;13280;17849;81140;8555;139150;13,16;9,47;12,88;58,65;5,83;13,15;9,40;12,94;58,98;5,53;13,17;9,54;12,83;58,31;6,15
29022;Santo Antônio de Jesus;2000;47745;33548;47573;244196;29657;402719;24282;17054;24166;120743;13337;199582;23463;16494;23407;123453;16320;203137;11,86;8,33;11,81;60,64;7,36;12,17;8,54;12,11;60,50;6,68;11,55;8,12;11,52;60,77;8,03
29023;Seabra;2000;21474;14779;19965;97127;12766;166111;10963;7522;10112;48513;5485;82595;10511;7257;9853;48614;7281;83516;12,93;8,90;12,02;58,47;7,69;13,27;9,11;12,24;58,74;6,64;12,59;8,69;11,80;58,21;8,72
29024;Senhor do Bonfim;2000;35768;23417;32699;164154;17322;273360;18203;11972;16597;82779;7986;137537;17565;11445;16102;81375;9336;135823;13,08;8,57;11,96;60,05;6,34;13,23;8,70;12,07;60,19;5,81;12,93;8,43;11,86;59,91;6,87
29025;Serrinha;2000;75735;50703;71340;334744;37537;570059;38460;25611;36245;169254;17992;287562;37275;25092;35095;165490;19545;282497;13,29;8,89;12,51;58,72;6,58;13,37;8,91;12,60;58,86;6,26;13,19;8,88;12,42;58,58;6,92
29026;Teixeira de Freitas;2000;49119;33416;45038;224454;20143;372170;24965;16988;22894;112948;10251;188046;24154;16428;22144;111506;9892;184124;13,20;8,98;12,10;60,31;5,41;13,28;9,03;12,17;60,06;5,45;13,12;8,92;12,03;60,56;5,37
29027;Valença;2000;38072;25765;34483;158312;13436;270068;19370;13043;17608;80656;6744;137421;18702;12722;16875;77656;6692;132647;14,10;9,54;12,77;58,62;4,98;14,10;9,49;12,81;58,69;4,91;14,10;9,59;12,72;58,54;5,04
29028;Vitória da Conquista;2000;74853;53085;73171;403001;39287;643397;37962;26596;36977;200083;18900;320518;36891;26489;36194;202918;20387;322879;11,63;8,25;11,37;62,64;6,11;11,84;8,30;11,54;62,42;5,90;11,43;8,20;11,21;62,85;6,31
31001;Águas Formosas;2000;7015;5121;6958;33787;4054;56935;3521;2591;3627;17452;1993;29184;3494;2530;3331;16335;2061;27751;12,32;8,99;12,22;59,34;7,12;12,06;8,88;12,43;59,80;6,83;12,59;9,12;12,00;58,86;7,43
31002;Além Paraíba;2000;5588;3809;4781;35814;4759;54751;2782;1927;2440;17587;2075;26811;2806;1882;2341;18227;2684;27940;10,21;6,96;8,73;65,41;8,69;10,38;7,19;9,10;65,60;7,74;10,04;6,74;8,38;65,24;9,61
31003;Alfenas Machado;2000;30534;20878;27713;187998;20124;287247;15692;10428;14123;96015;9695;145953;14842;10450;13590;91983;10429;141294;10,63;7,27;9,65;65,45;7,01;10,75;7,14;9,68;65,78;6,64;10,50;7,40;9,62;65,10;7,38
31004;Almenara;2000;19325;14352;20392;101761;12391;168221;9893;7329;10477;52090;6012;85801;9432;7023;9915;49671;6379;82420;11,49;8,53;12,12;60,49;7,37;11,53;8,54;12,21;60,71;7,01;11,44;8,52;12,03;60,27;7,74
31005;Araçuaí;2000;10501;8063;11212;52404;6117;88297;5340;4052;5658;26644;2598;44292;5161;4011;5554;25760;3519;44005;11,89;9,13;12,70;59,35;6,93;12,06;9,15;12,77;60,16;5,87;11,73;9,11;12,62;58,54;8,00
31006;Araxá;2000;14563;10213;13724;95541;8832;142873;7458;5078;6961;48043;3997;71537;7105;5135;6763;47498;4835;71336;10,19;7,15;9,61;66,87;6,18;10,43;7,10;9,73;67,16;5,59;9,96;7,20;9,48;66,58;6,78
31007;Barbacena;2000;21397;15280;19941;140118;14795;211531;10856;7746;10051;69130;6271;104054;10541;7534;9890;70988;8524;107477;10,12;7,22;9,43;66,24;6,99;10,43;7,44;9,66;66,44;6,03;9,81;7,01;9,20;66,05;7,93
31008;Belo Horizonte Nova Lima Caeté;2000;301467;193046;260829;2018994;168270;2942606;152968;97479;131291;959161;64347;1405246;148499;95567;129538;1059833;103923;1537360;10,24;6,56;8,86;68,61;5,72;10,89;6,94;9,34;68,26;4,58;9,66;6,22;8,43;68,94;6,76
31009;Betim;2000;63906;41039;51762;323299;20341;500347;32591;21060;26154;161785;9224;250814;31315;19979;25608;161514;11117;249533;12,77;8,20;10,35;64,61;4,07;12,99;8,40;10,43;64,50;3,68;12,55;8,01;10,26;64,73;4,46
31010;Bom Despacho;2000;9643;6955;9088;61636;6642;93964;4935;3613;4675;30676;3030;46929;4708;3342;4413;30960;3612;47035;10,26;7,40;9,67;65,60;7,07;10,52;7,70;9,96;65,37;6,46;10,01;7,11;9,38;65,82;7,68
31011;Brasília de Minas São Francisco;2000;30723;22524;29425;125915;12515;221102;15604;11489;14993;65355;6065;113506;15119;11035;14432;60560;6450;107596;13,90;10,19;13,31;56,95;5,66;13,75;10,12;13,21;57,58;5,34;14,05;10,26;13,41;56,28;5,99
31012;Carangola;2000;13788;9119;11831;76106;8837;119681;7052;4668;6122;38525;4196;60563;6736;4451;5709;37581;4641;59118;11,52;7,62;9,89;63,59;7,38;11,64;7,71;10,11;63,61;6,93;11,39;7,53;9,66;63,57;7,85
31013;Caratinga;2000;20613;13774;19093;114723;12738;180941;10661;6929;9667;57776;6158;91191;9952;6845;9426;56947;6580;89750;11,39;7,61;10,55;63,40;7,04;11,69;7,60;10,60;63,36;6,75;11,09;7,63;10,50;63,45;7,33
31014;Conselheiro Lafaiete Congonhas;2000;27740;19683;26357;173102;16145;263027;14190;10043;13510;85583;6948;130274;13550;9640;12847;87519;9197;132753;10,55;7,48;10,02;65,81;6,14;10,89;7,71;10,37;65,69;5,33;10,21;7,26;9,68;65,93;6,93
31015;Contagem;2000;79644;50837;65755;466607;25492;688335;40308;25696;33025;228763;10477;338269;39336;25141;32730;237844;15015;350066;11,57;7,39;9,55;67,79;3,70;11,92;7,60;9,76;67,63;3,10;11,24;7,18;9,35;67,94;4,29
31016;Coração de Jesus;2000;5860;4500;6130;27756;2751;46997;2942;2285;3080;14510;1269;24086;2918;2215;3050;13246;1482;22911;12,47;9,58;13,04;59,06;5,85;12,21;9,49;12,79;60,24;5,27;12,74;9,67;13,31;57,82;6,47
31017;Coronel Fabriciano Timóteo;2000;21959;14739;20230;135608;10985;203521;11148;7360;10266;65734;4993;99501;10811;7379;9964;69874;5992;104020;10,79;7,24;9,94;66,63;5,40;11,20;7,40;10,32;66,06;5,02;10,39;7,09;9,58;67,17;5,76
31018;Curvelo;2000;18674;13139;17258;103373;10955;163399;9408;6550;8879;51226;4834;80897;9266;6589;8379;52147;6121;82502;11,43;8,04;10,56;63,26;6,70;11,63;8,10;10,98;63,32;5,98;11,23;7,99;10,16;63,21;7,42
31019;Diamantina;2000;21231;15190;20761;95873;10533;163588;10899;7651;10415;47882;4533;81380;10332;7539;10346;47991;6000;82208;12,98;9,29;12,69;58,61;6,44;13,39;9,40;12,80;58,84;5,57;12,57;9,17;12,59;58,38;7,30
31020;Divinópolis Santo Antônio do Monte;2000;37377;26028;34924;250810;22483;371622;19158;13212;17823;124180;10079;184452;18219;12816;17101;126630;12404;187170;10,06;7,00;9,40;67,49;6,05;10,39;7,16;9,66;67,32;5,46;9,73;6,85;9,14;67,66;6,63
31021;Formiga;2000;11399;8267;11065;82650;8905;122286;5819;4150;5659;41359;3985;60972;5580;4117;5406;41291;4920;61314;9,32;6,76;9,05;67,59;7,28;9,54;6,81;9,28;67,83;6,54;9,10;6,71;8,82;67,34;8,02
31022;Francisco Sá;2000;9577;6777;8645;38942;3628;67569;4892;3475;4403;19989;1707;34466;4685;3302;4242;18953;1921;33103;14,17;10,03;12,79;57,63;5,37;14,19;10,08;12,77;58,00;4,95;14,15;9,97;12,81;57,25;5,80
31023;Frutal Iturama;2000;13472;9584;12963;90379;8710;135108;6826;4889;6602;45938;4496;68751;6646;4695;6361;44441;4214;66357;9,97;7,09;9,59;66,89;6,45;9,93;7,11;9,60;66,82;6,54;10,02;7,08;9,59;66,97;6,35
31024;Governador Valadares;2000;44845;29952;40746;248995;25804;390342;22642;15219;20697;119369;11813;189740;22203;14733;20049;129626;13991;200602;11,49;7,67;10,44;63,79;6,61;11,93;8,02;10,91;62,91;6,23;11,07;7,34;9,99;64,62;6,97
31025;Guanhães;2000;14461;10250;13325;66441;8876;113353;7265;5169;6863;33305;3895;56497;7196;5081;6462;33136;4981;56856;12,76;9,04;11,76;58,61;7,83;12,86;9,15;12,15;58,95;6,89;12,66;8,94;11,37;58,28;8,76
31026;Guaxupé;2000;15511;10745;14218;97079;10789;148342;7902;5447;7326;49961;4998;75634;7609;5298;6892;47118;5791;72708;10,46;7,24;9,58;65,44;7,27;10,45;7,20;9,69;66,06;6,61;10,47;7,29;9,48;64,80;7,96
31027;Ipatinga;2000;37890;25144;33914;221761;16952;335661;19242;12899;17330;108858;7879;166208;18648;12245;16584;112903;9073;169453;11,29;7,49;10,10;66,07;5,05;11,58;7,76;10,43;65,50;4,74;11,00;7,23;9,79;66,63;5,35
31028;Itabira;2000;21519;15333;20784;128040;12279;197955;10846;7875;10474;62522;5201;96918;10673;7458;10310;65518;7078;101037;10,87;7,75;10,50;64,68;6,20;11,19;8,13;10,81;64,51;5,37;10,56;7,38;10,20;64,85;7,01
31029;Itajubá;2000;20307;13813;18014;121855;13512;187501;10284;7003;9076;61619;6283;94265;10023;6810;8938;60236;7229;93236;10,83;7,37;9,61;64,99;7,21;10,91;7,43;9,63;65,37;6,67;10,75;7,30;9,59;64,61;7,75
31030;Itaobim;2000;10690;7143;10011;48208;5898;81950;5452;3658;5070;24370;2859;41409;5238;3485;4941;23838;3039;40541;13,04;8,72;12,22;58,83;7,20;13,17;8,83;12,24;58,85;6,90;12,92;8,60;12,19;58,80;7,50
31031;Itaúna;2000;10576;7332;9417;69121;6744;103190;5328;3731;4745;34726;2985;51515;5248;3601;4672;34395;3759;51675;10,25;7,11;9,13;66,98;6,54;10,34;7,24;9,21;67,41;5,79;10,16;6,97;9,04;66,56;7,27
31032;Ituiutaba;2000;16291;11681;15769;115573;13728;173042;8260;5934;8098;57606;7020;86918;8031;5747;7671;57967;6708;86124;9,41;6,75;9,11;66,79;7,93;9,50;6,83;9,32;66,28;8,08;9,32;6,67;8,91;67,31;7,79
31033;Janaúba Monte Azul;2000;32082;23499;31686;153617;13073;253957;16199;11859;16189;77115;6159;127521;15883;11640;15497;76502;6914;126436;12,63;9,25;12,48;60,49;5,15;12,70;9,30;12,70;60,47;4,83;12,56;9,21;12,26;60,51;5,47
31034;Januária;2000;14492;10194;13638;59560;6387;104271;7438;5180;6953;30140;2924;52635;7054;5014;6685;29420;3463;51636;13,90;9,78;13,08;57,12;6,13;14,13;9,84;13,21;57,26;5,56;13,66;9,71;12,95;56,98;6,71
31035;João Monlevade;2000;12928;8808;12239;83681;8414;126070;6469;4466;6135;40144;3627;60841;6459;4342;6104;43537;4787;65229;10,25;6,99;9,71;66,38;6,67;10,63;7,34;10,08;65,98;5,96;9,90;6,66;9,36;66,74;7,34
31036;João Pinheiro;2000;7857;5399;6715;37709;2771;60451;3953;2795;3427;19458;1362;30995;3904;2604;3288;18251;1409;29456;13,00;8,93;11,11;62,38;4,58;12,75;9,02;11,06;62,78;4,39;13,25;8,84;11,16;61,96;4,78
31037;Juiz de Fora Lima Duarte Bom Jardim Min;2000;54443;38167;50048;390623;43950;577231;27580;19453;25429;188227;18277;278966;26863;18714;24619;202396;25673;298265;9,43;6,61;8,67;67,67;7,61;9,89;6,97;9,12;67,47;6,55;9,01;6,27;8,25;67,86;8,61
31038;Lavras;2000;15602;10795;14456;101557;10999;153409;7852;5410;7327;50553;4832;75974;7750;5385;7129;51004;6167;77435;10,17;7,04;9,42;66,20;7,17;10,34;7,12;9,64;66,54;6,36;10,01;6,95;9,21;65,87;7,96
31039;Leopoldina Cataguases;2000;15437;11096;15041;108784;14085;164443;7913;5562;7534;53745;6201;80955;7524;5534;7507;55039;7884;83488;9,39;6,75;9,15;66,15;8,57;9,77;6,87;9,31;66,39;7,66;9,01;6,63;8,99;65,92;9,44
31040;Manga;2000;8729;5954;7811;33690;3371;59555;4435;3001;4009;17123;1623;30191;4294;2953;3802;16567;1748;29364;14,66;10,00;13,12;56,57;5,66;14,69;9,94;13,28;56,72;5,38;14,62;10,06;12,95;56,42;5,95
31041;Manhuaçu;2000;35633;23334;31918;188441;20249;299575;18053;11850;16212;95546;9629;151290;17580;11484;15706;92895;10620;148285;11,89;7,79;10,65;62,90;6,76;11,93;7,83;10,72;63,15;6,36;11,86;7,74;10,59;62,65;7,16
31042;Mantena;2000;7016;4675;7002;42735;5407;66835;3580;2367;3552;21108;2631;33238;3436;2308;3450;21627;2776;33597;10,50;6,99;10,48;63,94;8,09;10,77;7,12;10,69;63,51;7,92;10,23;6,87;10,27;64,37;8,26
31043;Minas Novas Turmalina Capelinha;2000;15941;11173;15483;64024;5080;111701;8111;5571;7868;32202;2078;55830;7830;5602;7615;31822;3002;55871;14,27;10,00;13,86;57,32;4,55;14,53;9,98;14,09;57,68;3,72;14,01;10,03;13,63;56,96;5,37
31044;Montes Claros Bocaiúva;2000;45815;31548;43594;254757;17656;393370;23246;16068;21939;123671;7726;192650;22569;15480;21655;131086;9930;200720;11,65;8,02;11,08;64,76;4,49;12,07;8,34;11,39;64,19;4,01;11,24;7,71;10,79;65,31;4,95
31045;Muriaé;2000;15347;10677;14932;100055;12082;153093;7787;5337;7617;49510;5533;75784;7560;5340;7315;50545;6549;77309;10,02;6,97;9,75;65,36;7,89;10,28;7,04;10,05;65,33;7,30;9,78;6,91;9,46;65,38;8,47
31046;Nanuque;2000;7788;5538;7803;45214;5452;71795;3930;2775;3982;22283;2564;35534;3858;2763;3821;22931;2888;36261;10,85;7,71;10,87;62,98;7,59;11,06;7,81;11,21;62,71;7,22;10,64;7,62;10,54;63,24;7,96
31047;Ouro Preto;2000;16879;11322;15281;98979;8427;150888;8563;5776;7722;48536;3354;73951;8316;5546;7559;50443;5073;76937;11,19;7,50;10,13;65,60;5,58;11,58;7,81;10,44;65,63;4,54;10,81;7,21;9,82;65,56;6,59
31048;Padre Paraíso;2000;8032;5319;7547;31958;3683;56539;4087;2717;3798;16241;1802;28645;3945;2602;3749;15717;1881;27894;14,21;9,41;13,35;56,52;6,51;14,27;9,49;13,26;56,70;6,29;14,14;9,33;13,44;56,35;6,74
31049;Pará de Minas;2000;17476;11626;14919;102026;8261;154308;8930;5958;7529;51079;3684;77180;8546;5668;7390;50947;4577;77128;11,33;7,53;9,67;66,12;5,35;11,57;7,72;9,76;66,18;4,77;11,08;7,35;9,58;66,06;5,93
31050;Passos Piumhi;2000;26563;18265;23692;168084;16712;253316;13603;9286;12258;85766;7832;128745;12960;8979;11434;82318;8880;124571;10,49;7,21;9,35;66,35;6,60;10,57;7,21;9,52;66,62;6,08;10,40;7,21;9,18;66,08;7,13
31051;Patos de Minas;2000;31987;22578;29190;205047;17960;306762;16372;11712;14889;104244;8242;155459;15615;10866;14301;100803;9718;151303;10,43;7,36;9,52;66,84;5,85;10,53;7,53;9,58;67,06;5,30;10,32;7,18;9,45;66,62;6,42
31052;Patrocínio Monte Carmelo;2000;19049;12583;16441;113660;8878;170611;9813;6490;8453;58207;4186;87149;9236;6093;7988;55453;4692;83462;11,17;7,38;9,64;66,62;5,20;11,26;7,45;9,70;66,79;4,80;11,07;7,30;9,57;66,44;5,62
31053;Pedra Azul;2000;6461;4484;6193;28868;2818;48824;3218;2265;3186;14374;1342;24385;3243;2219;3007;14494;1476;24439;13,23;9,18;12,68;59,13;5,77;13,20;9,29;13,07;58,95;5,50;13,27;9,08;12,30;59,31;6,04
31054;Pirapora;2000;16455;11665;15927;79210;6236;129493;8406;5988;8070;39618;2872;64954;8049;5677;7857;39592;3364;64539;12,71;9,01;12,30;61,17;4,82;12,94;9,22;12,42;60,99;4,42;12,47;8,80;12,17;61,35;5,21
31055;Poços de Caldas;2000;18271;12307;16622;132369;14371;193940;9236;6213;8481;65477;6435;95842;9035;6094;8141;66892;7936;98098;9,42;6,35;8,57;68,25;7,41;9,64;6,48;8,85;68,32;6,71;9,21;6,21;8,30;68,19;8,09
31056;Ponte Nova;2000;22528;16227;22313;137426;18228;216722;11402;8278;11211;67909;8209;107009;11126;7949;11102;69517;10019;109713;10,39;7,49;10,30;63,41;8,41;10,66;7,74;10,48;63,46;7,67;10,14;7,25;10,12;63,36;9,13
31057;Pouso Alegre;2000;44346;29886;39740;288789;29178;431939;22575;15273;20409;147355;14254;219866;21771;14613;19331;141434;14924;212073;10,27;6,92;9,20;66,86;6,76;10,27;6,95;9,28;67,02;6,48;10,27;6,89;9,12;66,69;7,04
31058;Resplendor;2000;9236;6433;8772;55957;7412;87810;4642;3304;4421;27481;3531;43379;4594;3129;4351;28476;3881;44431;10,52;7,33;9,99;63,73;8,44;10,70;7,62;10,19;63,35;8,14;10,34;7,04;9,79;64,09;8,73
31059;Salinas Taiobeiras;2000;24665;17067;22967;112277;11361;188337;12508;8600;11606;56382;5208;94304;12157;8467;11361;55895;6153;94033;13,10;9,06;12,19;59,61;6,03;13,26;9,12;12,31;59,79;5,52;12,93;9,00;12,08;59,44;6,54
31060;Santa Maria do Suaçuí São João Evangeli;2000;13932;9779;13140;60342;7924;105117;7065;5030;6691;30254;3492;52532;6867;4749;6449;30088;4432;52585;13,25;9,30;12,50;57,40;7,54;13,45;9,58;12,74;57,59;6,65;13,06;9,03;12,26;57,22;8,43
31061;Santo Antônio do Amparo Campo Belo;2000;18420;12559;17068;120741;14665;183453;9393;6403;8554;60818;6744;91912;9027;6156;8514;59923;7921;91541;10,04;6,85;9,30;65,82;7,99;10,22;6,97;9,31;66,17;7,34;9,86;6,72;9,30;65,46;8,65
31062;Santos Dumont;2000;5320;3591;4615;33709;3785;51020;2621;1814;2404;16590;1559;24988;2699;1777;2211;17119;2226;26032;10,43;7,04;9,05;66,07;7,42;10,49;7,26;9,62;66,39;6,24;10,37;6,83;8,49;65,76;8,55
31063;São João del Rei;2000;21408;14976;19124;142535;15500;213543;10797;7626;9715;71133;6679;105950;10611;7350;9409;71402;8821;107593;10,03;7,01;8,96;66,75;7,26;10,19;7,20;9,17;67,14;6,30;9,86;6,83;8,74;66,36;8,20
31064;São João Nepomuceno Bicas;2000;6538;4459;5847;42294;6222;65360;3292;2202;2950;20971;2774;32189;3246;2257;2897;21323;3448;33171;10,00;6,82;8,95;64,71;9,52;10,23;6,84;9,16;65,15;8,62;9,79;6,80;8,73;64,28;10,39
31065;São Lourenço;2000;24480;17543;22210;155196;18536;237965;12370;8861;11290;77758;8613;118892;12110;8682;10920;77438;9923;119073;10,29;7,37;9,33;65,22;7,79;10,40;7,45;9,50;65,40;7,24;10,17;7,29;9,17;65,03;8,33
31066;São Sebastião do Paraíso;2000;11992;7996;10621;74731;8839;114179;6218;4068;5460;37946;4070;57762;5774;3928;5161;36785;4769;56417;10,50;7,00;9,30;65,45;7,74;10,76;7,04;9,45;65,69;7,05;10,23;6,96;9,15;65,20;8,45
31067;Sete Lagoas;2000;40612;28343;37348;240127;21332;367762;20655;14463;18859;118897;9403;182277;19957;13880;18489;121230;11929;185485;11,04;7,71;10,16;65,29;5,80;11,33;7,93;10,35;65,23;5,16;10,76;7,48;9,97;65,36;6,43
31068;Teófilo Otoni Malacacheta Itambacuri;2000;39071;26607;36822;185388;22042;309930;19809;13423;18605;90336;9706;151879;19262;13184;18217;95052;12336;158051;12,61;8,58;11,88;59,82;7,11;13,04;8,84;12,25;59,48;6,39;12,19;8,34;11,53;60,14;7,81
31069;Três Corações;2000;13512;8786;11068;73000;7102;113468;6877;4457;5685;36699;3177;56895;6635;4329;5383;36301;3925;56573;11,91;7,74;9,75;64,34;6,26;12,09;7,83;9,99;64,50;5,58;11,73;7,65;9,52;64,17;6,94
31070;Três Pontas;2000;13341;8862;11549;74554;7457;115763;6813;4477;5847;37911;3462;58510;6528;4385;5702;36643;3995;57253;11,52;7,66;9,98;64,40;6,44;11,64;7,65;9,99;64,79;5,92;11,40;7,66;9,96;64,00;6,98
31071;Ubá;2000;27403;19202;25285;171520;20968;264378;13809;9719;12809;86453;9541;132331;13594;9483;12476;85067;11427;132047;10,37;7,26;9,56;64,88;7,93;10,44;7,34;9,68;65,33;7,21;10,29;7,18;9,45;64,42;8,65
31072;Uberaba;2000;29761;20820;27928;211980;21512;312001;15183;10785;14188;103696;9351;153203;14578;10035;13740;108284;12161;158798;9,54;6,67;8,95;67,94;6,89;9,91;7,04;9,26;67,69;6,10;9,18;6,32;8,65;68,19;7,66
31073;Uberlândia Araguari;2000;69103;48018;63958;472164;37454;690697;35535;24578;32513;231914;16722;341262;33568;23440;31445;240250;20732;349435;10,00;6,95;9,26;68,36;5,42;10,41;7,20;9,53;67,96;4,90;9,61;6,71;9,00;68,75;5,93
31074;Unaí;2000;29015;20321;26137;141979;10641;228093;14794;10348;13525;73286;5280;117233;14221;9973;12612;68693;5361;110860;12,72;8,91;11,46;62,25;4,67;12,62;8,83;11,54;62,51;4,50;12,83;9,00;11,38;61,96;4,84
31075;Varginha;2000;17241;11695;15443;110208;9640;164227;8702;5888;7847;55000;4225;81662;8539;5807;7596;55208;5415;82565;10,50;7,12;9,40;67,11;5,87;10,66;7,21;9,61;67,35;5,17;10,34;7,03;9,20;66,87;6,56
31076;Vespasiano;2000;26499;17335;22008;145776;10416;222034;13560;8750;11188;71908;4497;109903;12939;8585;10820;73868;5919;112131;11,93;7,81;9,91;65,65;4,69;12,34;7,96;10,18;65,43;4,09;11,54;7,66;9,65;65,88;5,28
31077;Viçosa;2000;12675;8786;12263;79988;8263;121975;6459;4520;6082;40030;3811;60902;6216;4266;6181;39958;4452;61073;10,39;7,20;10,05;65,58;6,77;10,61;7,42;9,99;65,73;6,26;10,18;6,99;10,12;65,43;7,29
32001;Central;2000;55162;37811;51866;321819;28658;495316;27951;19168;26297;161015;13542;247973;27211;18643;25569;160804;15116;247343;11,14;7,63;10,47;64,97;5,79;11,27;7,73;10,60;64,93;5,46;11,00;7,54;10,34;65,01;6,11
32002;Metropolitana;2000;183165;119189;165220;1117924;84762;1670260;93347;60707;83708;543971;36418;818151;89818;58482;81512;573953;48344;852109;10,97;7,14;9,89;66,93;5,07;11,41;7,42;10,23;66,49;4,45;10,54;6,86;9,57;67,36;5,67
32003;Norte;2000;41703;28255;38782;220324;19487;348551;21236;14457;19692;110655;9675;175715;20467;13798;19090;109669;9812;172836;11,96;8,11;11,13;63,21;5,59;12,09;8,23;11,21;62,97;5,51;11,84;7,98;11,05;63,45;5,68
32004;Sul;2000;64065;43617;60134;377001;38288;583105;32670;22130;30470;189746;17951;292967;31395;21487;29664;187255;20337;290138;10,99;7,48;10,31;64,65;6,57;11,15;7,55;10,40;64,77;6,13;10,82;7,41;10,22;64,54;7,01
33001;Baia da Ilha Grande;2000;21091;13129;16432;115147;7893;173692;10687;6504;8379;58427;3780;87777;10404;6625;8053;56720;4113;85915;12,14;7,56;9,46;66,29;4,54;12,18;7,41;9,55;66,56;4,31;12,11;7,71;9,37;66,02;4,79
33002;Baixada Litorânea;2000;51868;32575;41230;289830;25557;441060;26355;16592;21023;143683;11973;219626;25513;15983;20207;146147;13584;221434;11,76;7,39;9,35;65,71;5,79;12,00;7,55;9,57;65,42;5,45;11,52;7,22;9,13;66,00;6,13
33003;Centro-Sul;2000;30557;20167;26272;195482;22100;294578;15475;10334;13275;95056;9640;143780;15082;9833;12997;100426;12460;150798;10,37;6,85;8,92;66,36;7,50;10,76;7,19;9,23;66,11;6,70;10,00;6,52;8,62;66,60;8,26
33004;Médio Paraíba;2000;80352;52404;70035;532497;49904;785192;40990;26349;35607;257532;21463;381941;39362;26055;34428;274965;28441;403251;10,23;6,67;8,92;67,82;6,36;10,73;6,90;9,32;67,43;5,62;9,76;6,46;8,54;68,19;7,05
33005;Metropolitana I;2000;932041;589360;744151;6173319;711114;9149985;473689;299105;375558;2921300;274677;4344329;458352;290255;368593;3252019;436437;4805656;10,19;6,44;8,13;67,47;7,77;10,90;6,88;8,64;67,24;6,32;9,54;6,04;7,67;67,67;9,08
33006;Metropolitana II;2000;166951;108822;139272;1176741;120013;1711799;85130;55185;70806;563448;48615;823184;81821;53637;68466;613293;71398;888615;9,75;6,36;8,14;68,74;7,01;10,34;6,70;8,60;68,45;5,91;9,21;6,04;7,70;69,02;8,03
33007;Noroeste;2000;30062;20629;27918;205381;26301;310291;15293;10555;14206;101169;11935;153158;14769;10074;13712;104212;14366;157133;9,69;6,65;9,00;66,19;8,48;9,99;6,89;9,28;66,06;7,79;9,40;6,41;8,73;66,32;9,14
33008;Norte;2000;74385;49694;64790;451957;45362;686188;37597;25461;32870;219859;20319;336106;36788;24233;31920;232098;25043;350082;10,84;7,24;9,44;65,86;6,61;11,19;7,58;9,78;65,41;6,05;10,51;6,92;9,12;66,30;7,15
33009;Serrana;2000;85244;57079;73129;561680;61365;838497;43511;29135;37098;274378;26312;410434;41733;27944;36031;287302;35053;428063;10,17;6,81;8,72;66,99;7,32;10,60;7,10;9,04;66,85;6,41;9,75;6,53;8,42;67,12;8,19
35011;Alto do Tietê;2000;286930;178062;231145;1522534;87936;2306607;145680;90176;116264;749322;37778;1139220;141250;87886;114881;773212;50158;1167387;12,44;7,72;10,02;66,01;3,81;12,79;7,92;10,21;65,78;3,32;12,10;7,53;9,84;66,23;4,30
35012;Franco da Rocha;2000;53690;33845;44080;277572;14766;423953;27285;17330;22234;140361;6617;213827;26405;16515;21846;137211;8149;210126;12,66;7,98;10,40;65,47;3,48;12,76;8,10;10,40;65,64;3,09;12,57;7,86;10,40;65,30;3,88
35013;Mananciais;2000;100912;62157;82209;540351;26607;812236;51124;31527;41152;264263;11644;399710;49788;30630;41057;276088;14963;412526;12,42;7,65;10,12;66,53;3,28;12,79;7,89;10,30;66,11;2,91;12,07;7,42;9,95;66,93;3,63
35014;Rota dos Bandeirantes;2000;185217;114117;151237;1041164;55198;1546933;93733;57605;75739;508510;23172;758759;91484;56512;75498;532654;32026;788174;11,97;7,38;9,78;67,31;3,57;12,35;7,59;9,98;67,02;3,05;11,61;7,17;9,58;67,58;4,06
35015;Grande ABC;2000;237763;155987;212571;1624815;123586;2354722;120614;78999;106747;787994;51132;1145486;117149;76988;105824;836821;72454;1209236;10,10;6,62;9,03;69,00;5,25;10,53;6,90;9,32;68,79;4,46;9,69;6,37;8,75;69,20;5,99
35016;São Paulo;2000;1054274;652567;885988;7170643;670780;10434252;535399;330559;444434;3399514;262772;4972678;518875;322008;441554;3771129;408008;5461574;10,10;6,25;8,49;68,72;6,43;10,77;6,65;8,94;68,36;5,28;9,50;5,90;8,08;69,05;7,47
35021;Central do DRS II;2000;22929;16268;22537;174854;19379;255967;11883;8241;11631;85598;8710;126063;11046;8027;10906;89256;10669;129904;8,96;6,36;8,80;68,31;7,57;9,43;6,54;9,23;67,90;6,91;8,50;6,18;8,40;68,71;8,21
35022;Lagos do DRS II;2000;16276;11765;16177;121225;13678;179121;8338;6019;8316;60779;6570;90022;7938;5746;7861;60446;7108;89099;9,09;6,57;9,03;67,68;7,64;9,26;6,69;9,24;67,52;7,30;8,91;6,45;8,82;67,84;7,98
35023;Consórcios do DRS II;2000;20586;14702;19765;150578;16368;221999;10430;7436;9986;74867;7391;110110;10156;7266;9779;75711;8977;111889;9,27;6,62;8,90;67,83;7,37;9,47;6,75;9,07;67,99;6,71;9,08;6,49;8,74;67,67;8,02
35031;Central do DRS III;2000;23242;16510;22641;170439;18059;250891;11785;8296;11475;84346;7831;123733;11457;8214;11166;86093;10228;127158;9,26;6,58;9,02;67,93;7,20;9,52;6,70;9,27;68,17;6,33;9,01;6,46;8,78;67,71;8,04
35032;Centro Oeste do DRS III;2000;10895;7600;11015;79015;9335;117860;5412;3906;5661;39586;4323;58888;5483;3694;5354;39429;5012;58972;9,24;6,45;9,35;67,04;7,92;9,19;6,63;9,61;67,22;7,34;9,30;6,26;9,08;66,86;8,50
35033;Norte do DRS III;2000;13824;9583;13432;93225;9115;139179;7111;4909;6790;47371;4149;70330;6713;4674;6642;45854;4966;68849;9,93;6,89;9,65;66,98;6,55;10,11;6,98;9,65;67,36;5,90;9,75;6,79;9,65;66,60;7,21
35034;Coração do DRS III;2000;30100;20781;28459;213662;22668;315670;15413;10621;14428;106782;9927;157171;14687;10160;14031;106880;12741;158499;9,54;6,58;9,02;67,69;7,18;9,81;6,76;9,18;67,94;6,32;9,27;6,41;8,85;67,43;8,04
35041;Baixada Santista;2000;153543;98535;130242;990836;103664;1476820;78199;50077;66031;478289;42695;715291;75344;48458;64211;512547;60969;761529;10,40;6,67;8,82;67,09;7,02;10,93;7,00;9,23;66,87;5,97;9,89;6,36;8,43;67,30;8,01
35051;Norte - Barretos;2000;23397;16857;24017;166055;18407;248733;12088;8684;12268;82501;8249;123790;11309;8173;11749;83554;10158;124943;9,41;6,78;9,66;66,76;7,40;9,76;7,02;9,91;66,65;6,66;9,05;6,54;9,40;66,87;8,13
35052;Sul - Barretos;2000;13622;9755;13169;89981;10156;136683;6995;4978;6759;44932;4531;68195;6627;4777;6410;45049;5625;68488;9,97;7,14;9,63;65,83;7,43;10,26;7,30;9,91;65,89;6,64;9,68;6,97;9,36;65,78;8,21
35061;Vale do Jurumirim;2000;27249;18361;25400;166332;17606;254948;13855;9347;13067;84049;8155;128473;13394;9014;12333;82283;9451;126475;10,69;7,20;9,96;65,24;6,91;10,78;7,28;10,17;65,42;6,35;10,59;7,13;9,75;65,06;7,47
35062;Bauru;2000;53546;36487;49064;362094;38935;540126;27355;18657;24901;179948;16816;267677;26191;17830;24163;182146;22119;272449;9,91;6,76;9,08;67,04;7,21;10,22;6,97;9,30;67,23;6,28;9,61;6,54;8,87;66,86;8,12
35063;Polo Cuesta;2000;25199;16950;23017;159294;18777;243237;12846;8636;11790;79680;8450;121402;12353;8314;11227;79614;10327;121835;10,36;6,97;9,46;65,49;7,72;10,58;7,11;9,71;65,63;6,96;10,14;6,82;9,21;65,35;8,48
35064;Jaú;2000;27360;18678;25388;191766;23082;286274;13882;9409;12960;96438;10314;143003;13478;9269;12428;95328;12768;143271;9,56;6,52;8,87;66,99;8,06;9,71;6,58;9,06;67,44;7,21;9,41;6,47;8,67;66,54;8,91
35065;Lins;2000;13551;9283;12784;94966;11895;142479;6943;4678;6668;47168;5340;70797;6608;4605;6116;47798;6555;71682;9,51;6,52;8,97;66,65;8,35;9,81;6,61;9,42;66,62;7,54;9,22;6,42;8,53;66,68;9,14
35071;Bragança;2000;36446;24501;33782;238091;26220;359040;18600;12537;17197;119089;12219;179642;17846;11964;16585;119002;14001;179398;10,15;6,82;9,41;66,31;7,30;10,35;6,98;9,57;66,29;6,80;9,95;6,67;9,24;66,33;7,80
35072;Região Metropolitana de Campinas;2000;230489;155591;211272;1604422;136252;2338026;117656;79099;106911;792802;59122;1155590;112833;76492;104361;811620;77130;1182436;9,86;6,65;9,04;68,62;5,83;10,18;6,84;9,25;68,61;5,12;9,54;6,47;8,83;68,64;6,52
35073;Jundiaí;2000;58274;39234;52906;395345;34372;580131;29711;19996;26879;196848;14810;288244;28563;19238;26027;198497;19562;291887;10,04;6,76;9,12;68,15;5,92;10,31;6,94;9,33;68,29;5,14;9,79;6,59;8,92;68,00;6,70
35074;Circuito das Águas;2000;10124;7152;9958;75157;9706;112097;5155;3625;5079;37659;4305;55823;4969;3527;4879;37498;5401;56274;9,03;6,38;8,88;67,05;8,66;9,23;6,49;9,10;67,46;7,71;8,83;6,27;8,67;66,63;9,60
35081;Três Colinas;2000;38481;25618;33487;232828;19869;350283;19703;13115;17220;115516;8803;174357;18778;12503;16267;117312;11066;175926;10,99;7,31;9,56;66,47;5,67;11,30;7,52;9,88;66,25;5,05;10,67;7,11;9,25;66,68;6,29
35082;Alta Anhanguera;2000;13362;9028;12394;87667;8072;130523;6815;4487;6269;44126;3606;65303;6547;4541;6125;43541;4466;65220;10,24;6,92;9,50;67,17;6,18;10,44;6,87;9,60;67,57;5,52;10,04;6,96;9,39;66,76;6,85
35083;Alta Mogiana;2000;11045;7393;9906;72716;7505;108565;5599;3814;5105;36129;3395;54042;5446;3579;4801;36587;4110;54523;10,17;6,81;9,12;66,98;6,91;10,36;7,06;9,45;66,85;6,28;9,99;6,56;8,81;67,10;7,54
35091;Adamantina;2000;10232;7644;10649;80604;11399;120528;5167;3873;5340;40632;5505;60517;5065;3771;5309;39972;5894;60011;8,49;6,34;8,84;66,88;9,46;8,54;6,40;8,82;67,14;9,10;8,44;6,28;8,85;66,61;9,82
35092;Assis;2000;21495;14931;20476;147387;17166;221455;11033;7823;10485;72602;7698;109641;10462;7108;9991;74785;9468;111814;9,71;6,74;9,25;66,55;7,75;10,06;7,14;9,56;66,22;7,02;9,36;6,36;8,94;66,88;8,47
35093;Marília;2000;33724;22588;30730;225989;26093;339124;17147;11506;15459;111830;11724;167666;16577;11082;15271;114159;14369;171458;9,94;6,66;9,06;66,64;7,69;10,23;6,86;9,22;66,70;6,99;9,67;6,46;8,91;66,58;8,38
35094;Ourinhos;2000;20949;14177;18904;133884;15052;202966;10809;7258;9439;66339;6824;100669;10140;6919;9465;67545;8228;102297;10,32;6,98;9,31;65,96;7,42;10,74;7,21;9,38;65,90;6,78;9,91;6,76;9,25;66,03;8,04
35095;Tupã;2000;11232;7985;11177;82954;11041;124389;5786;4167;5813;40811;5152;61729;5446;3818;5364;42143;5889;62660;9,03;6,42;8,99;66,69;8,88;9,37;6,75;9,42;66,11;8,35;8,69;6,09;8,56;67,26;9,40
35101;Araras;2000;28095;19250;26227;184088;18364;276024;14343;9889;13374;92419;8078;138103;13752;9361;12853;91669;10286;137921;10,18;6,97;9,50;66,69;6,65;10,39;7,16;9,68;66,92;5,85;9,97;6,79;9,32;66,46;7,46
35102;Limeira;2000;29359;19542;27435;198305;17584;292225;14865;9909;13858;99007;7819;145458;14494;9633;13577;99298;9765;146767;10,05;6,69;9,39;67,86;6,02;10,22;6,81;9,53;68,07;5,38;9,88;6,56;9,25;67,66;6,65
35103;Piracicaba;2000;47398;31759;43336;318094;32177;472764;24167;16197;22220;157980;13919;234483;23231;15562;21116;160114;18258;238281;10,03;6,72;9,17;67,28;6,81;10,31;6,91;9,48;67,37;5,94;9,75;6,53;8,86;67,20;7,66
35104;Rio Claro;2000;20000;13731;18104;140584;16257;208676;10068;6988;9138;70617;6757;103568;9932;6743;8966;69967;9500;105108;9,58;6,58;8,68;67,37;7,79;9,72;6,75;8,82;68,18;6,52;9,45;6,42;8,53;66,57;9,04
35111;Alta Paulista;2000;10253;7597;10610;78216;11007;117683;5264;3936;5434;38871;5501;59006;4989;3661;5176;39345;5506;58677;8,71;6,46;9,02;66,46;9,35;8,92;6,67;9,21;65,88;9,32;8,50;6,24;8,82;67,05;9,38
35112;Alta Sorocabana;2000;33888;23782;32013;237172;26073;352928;17171;12225;16232;116552;12040;174220;16717;11557;15781;120620;14033;178708;9,60;6,74;9,07;67,20;7,39;9,86;7,02;9,32;66,90;6,91;9,35;6,47;8,83;67,50;7,85
35113;Alto Capivari;2000;5481;3837;5297;35152;4028;53795;2775;1919;2657;17496;1919;26766;2706;1918;2640;17656;2109;27029;10,19;7,13;9,85;65,34;7,49;10,37;7,17;9,93;65,37;7,17;10,01;7,10;9,77;65,32;7,80
35114;Extremo Oeste Paulista;2000;8394;5968;8255;59079;6318;88014;4300;3073;4202;29502;3057;44134;4094;2895;4053;29577;3261;43880;9,54;6,78;9,38;67,12;7,18;9,74;6,96;9,52;66,85;6,93;9,33;6,60;9,24;67,40;7,43
35115;Pontal do Paranapanema;2000;8509;5666;7409;45366;3709;70659;4270;2825;3764;22867;2029;35755;4239;2841;3645;22499;1680;34904;12,04;8,02;10,49;64,20;5,25;11,94;7,90;10,53;63,95;5,67;12,14;8,14;10,44;64,46;4,81
35121;Vale do Ribeira;2000;35024;22711;29537;166854;16189;270315;17871;11475;15119;85334;8212;138011;17153;11236;14418;81520;7977;132304;12,96;8,40;10,93;61,73;5,99;12,95;8,31;10,95;61,83;5,95;12,96;8,49;10,90;61,62;6,03
35131;Horizonte Verde;2000;36233;24183;32976;227291;20350;341033;18660;12340;16791;114415;9019;171225;17573;11843;16185;112876;11331;169808;10,62;7,09;9,67;66,65;5,97;10,90;7,21;9,81;66,82;5,27;10,35;6,97;9,53;66,47;6,67
35132;Aquífero Guarani;2000;65570;44912;61750;459498;47161;678891;33389;22973;31150;223194;19675;330381;32181;21939;30600;236304;27486;348510;9,66;6,62;9,10;67,68;6,95;10,11;6,95;9,43;67,56;5,96;9,23;6,30;8,78;67,80;7,89
35133;Vale das Cachoeiras;2000;11591;8187;10794;75586;8782;114940;5909;4157;5574;38073;4024;57737;5682;4030;5220;37513;4758;57203;10,08;7,12;9,39;65,76;7,64;10,23;7,20;9,65;65,94;6,97;9,93;7,05;9,13;65,58;8,32
35141;Baixa Mogiana;2000;26538;18921;26005;188142;18322;277928;13473;9582;13276;94793;8311;139435;13065;9339;12729;93349;10011;138493;9,55;6,81;9,36;67,69;6,59;9,66;6,87;9,52;67,98;5,96;9,43;6,74;9,19;67,40;7,23
35142;Mantiqueira;2000;23598;16189;21864;162789;19023;243463;11978;8179;11079;81516;8533;121285;11620;8010;10785;81273;10490;122178;9,69;6,65;8,98;66,86;7,81;9,88;6,74;9,13;67,21;7,04;9,51;6,56;8,83;66,52;8,59
35143;Rio Pardo;2000;20123;14715;19737;135297;15835;205707;10162;7563;10040;68934;7415;104114;9961;7152;9697;66363;8420;101593;9,78;7,15;9,59;65,77;7,70;9,76;7,26;9,64;66,21;7,12;9,80;7,04;9,54;65,32;8,29
35151;Catanduva;2000;23607;16951;23288;179609;23047;266502;12035;8663;12046;89951;10495;133190;11572;8288;11242;89658;12552;133312;8,86;6,36;8,74;67,39;8,65;9,04;6,50;9,04;67,54;7,88;8,68;6,22;8,43;67,25;9,42
35152;Santa Fé do Sul;2000;3465;2484;3667;28102;3869;41587;1769;1210;1873;13703;1948;20503;1696;1274;1794;14399;1921;21084;8,33;5,97;8,82;67,57;9,30;8,63;5,90;9,14;66,83;9,50;8,04;6,04;8,51;68,29;9,11
35153;Jales;2000;8478;6291;8805;68496;8527;100597;4358;3230;4561;34188;4203;50540;4120;3061;4244;34308;4324;50057;8,43;6,25;8,75;68,09;8,48;8,62;6,39;9,02;67,65;8,32;8,23;6,12;8,48;68,54;8,64
35154;Fernandópolis;2000;9150;6526;9368;72636;8840;106520;4656;3323;4831;36130;4240;53180;4494;3203;4537;36506;4600;53340;8,59;6,13;8,79;68,19;8,30;8,76;6,25;9,08;67,94;7,97;8,43;6,00;8,51;68,44;8,62
35155;São José do Rio Preto;2000;49173;34981;48698;394477;43752;571081;24964;17805;24806;192959;19350;279884;24209;17176;23892;201518;24402;291197;8,61;6,13;8,53;69,08;7,66;8,92;6,36;8,86;68,94;6,91;8,31;5,90;8,20;69,20;8,38
35156;José Bonifácio;2000;6953;5081;7015;52482;6388;77919;3549;2586;3553;26510;3034;39232;3404;2495;3462;25972;3354;38687;8,92;6,52;9,00;67,35;8,20;9,05;6,59;9,06;67,57;7,73;8,80;6,45;8,95;67,13;8,67
35157;Votuporanga;2000;13644;10407;14951;116321;14091;169414;6986;5294;7532;58377;6683;84872;6658;5113;7419;57944;7408;84542;8,05;6,14;8,83;68,66;8,32;8,23;6,24;8,87;68,78;7,87;7,88;6,05;8,78;68,54;8,76
35161;Itapetininga;2000;44393;29799;39468;256712;24737;395109;22738;15073;20067;129726;11660;199264;21655;14726;19401;126986;13077;195845;11,24;7,54;9,99;64,97;6,26;11,41;7,56;10,07;65,10;5,85;11,06;7,52;9,91;64,84;6,68
35162;Itapeva;2000;36044;23396;29711;167143;15132;271426;18388;11901;15097;84422;7494;137302;17656;11495;14614;82721;7638;134124;13,28;8,62;10,95;61,58;5,58;13,39;8,67;11,00;61,49;5,46;13,16;8,57;10,90;61,68;5,69
35163;Sorocaba;2000;141639;93738;125860;862793;75246;1299276;72025;47793;64078;432051;33444;649391;69614;45945;61782;430742;41802;649885;10,90;7,21;9,69;66,41;5,79;11,09;7,36;9,87;66,53;5,15;10,71;7,07;9,51;66,28;6,43
35171;Alto Vale do Paraíba;2000;90890;60869;81860;578511;40522;852652;46206;30887;41521;286081;17726;422421;44684;29982;40339;292430;22796;430231;10,66;7,14;9,60;67,85;4,75;10,94;7,31;9,83;67,72;4,20;10,39;6,97;9,38;67,97;5,30
35172;Circuito da Fé e Vale Histórico;2000;43738;30438;40848;279853;27591;422468;22156;15672;20971;137727;12030;208556;21582;14766;19877;142126;15561;213912;10,35;7,20;9,67;66,24;6,53;10,62;7,51;10,06;66,04;5,77;10,09;6,90;9,29;66,44;7,27
35173;Litoral Norte;2000;27220;17247;22309;147652;10228;224656;13885;8845;11286;75109;4748;113873;13335;8402;11023;72543;5480;110783;12,12;7,68;9,93;65,72;4,55;12,19;7,77;9,91;65,96;4,17;12,04;7,58;9,95;65,48;4,95
35174;Vale do Paraíba/Região Serrana;2000;52651;34884;46815;329945;28039;492334;26880;17772;23709;165070;12195;245626;25771;17112;23106;164875;15844;246708;10,69;7,09;9,51;67,02;5,70;10,94;7,24;9,65;67,20;4,96;10,45;6,94;9,37;66,83;6,42
41001;1ª RS Paranaguá;2000;30256;19850;24293;149516;11925;235840;15373;10095;12407;75194;5640;118709;14883;9755;11886;74322;6285;117131;12,83;8,42;10,30;63,40;5,06;12,95;8,50;10,45;63,34;4,75;12,71;8,33;10,15;63,45;5,37
41002;2ª RS Metropolitana;2000;317148;205351;260215;1892195;138328;2813237;162053;104854;131783;922293;57816;1378799;155095;100497;128432;969902;80512;1434438;11,27;7,30;9,25;67,26;4,92;11,75;7,60;9,56;66,89;4,19;10,81;7,01;8,95;67,62;5,61
41003;3ª RS Ponta Grossa;2000;64692;42274;52108;331449;28331;518854;32984;21513;26439;164025;12472;257433;31708;20761;25669;167424;15859;261421;12,47;8,15;10,04;63,88;5,46;12,81;8,36;10,27;63,72;4,84;12,13;7,94;9,82;64,04;6,07
41004;4ª RS Irati;2000;18235;12319;15042;94213;8984;148793;9356;6267;7706;48248;4153;75730;8879;6052;7336;45965;4831;73063;12,26;8,28;10,11;63,32;6,04;12,35;8,28;10,18;63,71;5,48;12,15;8,28;10,04;62,91;6,61
41005;5ª RS Guarapuava;2000;58577;38588;46645;268899;20287;432996;29901;19799;23745;135094;9742;218281;28676;18789;22900;133805;10545;214715;13,53;8,91;10,77;62,10;4,69;13,70;9,07;10,88;61,89;4,46;13,36;8,75;10,67;62,32;4,91
41006;6ª RS União da Vitória;2000;19945;12838;15942;97942;8806;155473;10267;6462;8108;49920;4046;78803;9678;6376;7834;48022;4760;76670;12,83;8,26;10,25;63,00;5,66;13,03;8,20;10,29;63,35;5,13;12,62;8,32;10,22;62,63;6,21
41007;7ª RS Pato Branco;2000;29048;20017;24750;149162;12512;235489;14803;10098;12557;73450;5801;116709;14245;9919;12193;75712;6711;118780;12,34;8,50;10,51;63,34;5,31;12,68;8,65;10,76;62,93;4,97;11,99;8,35;10,27;63,74;5,65
41008;8ª RS Francisco Beltrão;2000;36396;26220;33922;206396;19020;321954;18590;13343;17306;103252;8969;161460;17806;12877;16616;103144;10051;160494;11,30;8,14;10,54;64,11;5,91;11,51;8,26;10,72;63,95;5,55;11,09;8,02;10,35;64,27;6,26
41009;9ª RS Foz do Iguaçu;2000;47144;32403;40503;245943;13398;379391;24209;16587;20398;120658;6447;188299;22935;15816;20105;125285;6951;191092;12,43;8,54;10,68;64,83;3,53;12,86;8,81;10,83;64,08;3,42;12,00;8,28;10,52;65,56;3,64
41010;10ª RS Cascavel;2000;54496;38848;48520;304836;23106;469806;27570;19801;24772;150056;11327;233526;26926;19047;23748;154780;11779;236280;11,60;8,27;10,33;64,89;4,92;11,81;8,48;10,61;64,26;4,85;11,40;8,06;10,05;65,51;4,99
41011;11ª RS Campo Mourão;2000;37201;27306;35962;223674;22505;346648;19002;14088;18166;110267;11458;172981;18199;13218;17796;113407;11047;173667;10,73;7,88;10,37;64,52;6,49;10,99;8,14;10,50;63,75;6,62;10,48;7,61;10,25;65,30;6,36
41012;12ª RS Umuarama;2000;25337;18662;24850;169346;19789;257984;12747;9508;12715;83145;10287;128402;12590;9154;12135;86201;9502;129582;9,82;7,23;9,63;65,64;7,67;9,93;7,40;9,90;64,75;8,01;9,72;7,06;9,36;66,52;7,33
41013;13ª RS Cianorte;2000;13180;9230;11889;82301;8619;125219;6719;4686;6108;40744;4343;62600;6461;4544;5781;41557;4276;62619;10,53;7,37;9,49;65,73;6,88;10,73;7,49;9,76;65,09;6,94;10,32;7,26;9,23;66,36;6,83
41014;14ª RS Paranavaí;2000;26260;18908;24626;161190;17788;248772;13465;9603;12570;79258;8959;123855;12795;9305;12056;81932;8829;124917;10,56;7,60;9,90;64,79;7,15;10,87;7,75;10,15;63,99;7,23;10,24;7,45;9,65;65,59;7,07
41015;15ª RS Maringá;2000;62304;43939;58799;428596;39260;632898;31814;22230;29671;207987;18274;309976;30490;21709;29128;220609;20986;322922;9,84;6,94;9,29;67,72;6,20;10,26;7,17;9,57;67,10;5,90;9,44;6,72;9,02;68,32;6,50
41016;16ª RS Apucarana;2000;32037;22731;30010;207510;20607;312895;16526;11586;15318;102235;9792;155457;15511;11145;14692;105275;10815;157438;10,24;7,26;9,59;66,32;6,59;10,63;7,45;9,85;65,76;6,30;9,85;7,08;9,33;66,87;6,87
41017;17ª RS Londrina;2000;81174;55375;73054;526080;50453;786136;41421;28236;37048;254513;23036;384254;39753;27139;36006;271567;27417;401882;10,33;7,04;9,29;66,92;6,42;10,78;7,35;9,64;66,24;5,99;9,89;6,75;8,96;67,57;6,82
41018;18ª RS Cornélio Procópio;2000;24921;17574;23332;151194;17212;234233;12940;8897;11789;75052;8243;116921;11981;8677;11543;76142;8969;117312;10,64;7,50;9,96;64,55;7,35;11,07;7,61;10,08;64,19;7,05;10,21;7,40;9,84;64,91;7,65
41019;19ª RS Jacarezinho;2000;29037;20240;27259;174851;20294;271681;14774;10355;13853;87417;9788;136187;14263;9885;13406;87434;10506;135494;10,69;7,45;10,03;64,36;7,47;10,85;7,60;10,17;64,19;7,19;10,53;7,30;9,89;64,53;7,75
41020;20ª RS Toledo;2000;32870;24261;31501;213709;19796;322137;16735;12377;16083;105236;9414;159845;16135;11884;15418;108473;10382;162292;10,20;7,53;9,78;66,34;6,15;10,47;7,74;10,06;65,84;5,89;9,94;7,32;9,50;66,84;6,40
41021;21ª RS Telêmaco Borba;2000;20684;13042;16715;99730;9096;159267;10447;6624;8499;50576;4673;80819;10237;6418;8216;49154;4423;78448;12,99;8,19;10,49;62,62;5,71;12,93;8,20;10,52;62,58;5,78;13,05;8,18;10,47;62,66;5,64
41022;22ª RS Ivaiporã;2000;16978;12788;16509;97002;10478;153755;8496;6540;8483;49378;5477;78374;8482;6248;8026;47624;5001;75381;11,04;8,32;10,74;63,09;6,81;10,84;8,34;10,82;63,00;6,99;11,25;8,29;10,65;63,18;6,63
42001;Extremo Oeste;2000;22801;17388;23467;139631;13344;216631;11566;8809;11968;71000;6143;109486;11235;8579;11499;68631;7201;107145;10,53;8,03;10,83;64,46;6,16;10,56;8,05;10,93;64,85;5,61;10,49;8,01;10,73;64,05;6,72
42002;Oeste;2000;30901;22391;28714;182934;14693;279633;15667;11415;14735;91676;6542;140035;15234;10976;13979;91258;8151;139598;11,05;8,01;10,27;65,42;5,25;11,19;8,15;10,52;65,47;4,67;10,91;7,86;10,01;65,37;5,84
42003;Xanxerê;2000;21862;14896;18758;113697;9354;178567;11195;7592;9625;57037;4282;89731;10667;7304;9133;56660;5072;88836;12,24;8,34;10,50;63,67;5,24;12,48;8,46;10,73;63,56;4,77;12,01;8,22;10,28;63,78;5,71
42004;Alto Vale do Itajaí;2000;25937;18612;24763;157927;15371;242610;13182;9492;12731;80242;7076;122723;12755;9120;12032;77685;8295;119887;10,69;7,67;10,21;65,10;6,34;10,74;7,73;10,37;65,38;5,77;10,64;7,61;10,04;64,80;6,92
42005;Foz do Rio Itajaí;2000;44477;29914;37806;261931;20009;394137;22820;15169;19073;128585;8719;194366;21657;14745;18733;133346;11290;199771;11,28;7,59;9,59;66,46;5,08;11,74;7,80;9,81;66,16;4,49;10,84;7,38;9,38;66,75;5,65
42006;Médio Vale do Itajaí;2000;52555;36922;48908;371466;29766;539617;26938;18856;24811;183653;12380;266638;25617;18066;24097;187813;17386;272979;9,74;6,84;9,06;68,84;5,52;10,10;7,07;9,31;68,88;4,64;9,38;6,62;8,83;68,80;6,37
42007;Grande Florianópolis;2000;82617;57522;75872;557512;42792;816315;41929;29437;38769;274308;17860;402303;40688;28085;37103;283204;24932;414012;10,12;7,05;9,29;68,30;5,24;10,42;7,32;9,64;68,18;4,44;9,83;6,78;8,96;68,40;6,02
42008;Meio Oeste;2000;19067;12895;16430;110456;9679;168527;9571;6564;8309;55226;4364;84034;9496;6331;8121;55230;5315;84493;11,31;7,65;9,75;65,54;5,74;11,39;7,81;9,89;65,72;5,19;11,24;7,49;9,61;65,37;6,29
42009;Alto Vale do Rio do Peixe;2000;32716;21093;25694;163838;12351;255692;16686;10704;12902;82480;5779;128551;16030;10389;12792;81358;6572;127141;12,80;8,25;10,05;64,08;4,83;12,98;8,33;10,04;64,16;4,50;12,61;8,17;10,06;63,99;5,17
42010;Alto Uruguai Catarinense;2000;13748;9611;13147;93073;8313;137892;6932;4888;6761;47682;3597;69860;6816;4723;6386;45391;4716;68032;9,97;6,97;9,53;67,50;6,03;9,92;7,00;9,68;68,25;5,15;10,02;6,94;9,39;66,72;6,93
42011;Nordeste;2000;75904;52426;67526;469559;32591;698006;38861;26668;34365;235530;13935;349359;37043;25758;33161;234029;18656;348647;10,87;7,51;9,67;67,27;4,67;11,12;7,63;9,84;67,42;3,99;10,62;7,39;9,51;67,12;5,35
42012;Planalto Norte;2000;39717;26343;33747;214281;17862;331950;20039;13314;17005;108512;7900;166770;19678;13029;16742;105769;9962;165180;11,96;7,94;10,17;64,55;5,38;12,02;7,98;10,20;65,07;4,74;11,91;7,89;10,14;64,03;6,03
42013;Serra Catarinense;2000;33623;22644;28862;185444;16703;287276;17122;11611;14560;91462;7897;142652;16501;11033;14302;93982;8806;144624;11,70;7,88;10,05;64,55;5,81;12,00;8,14;10,21;64,12;5,54;11,41;7,63;9,89;64,98;6,09
42014;Extremo Sul Catarinense;2000;17260;12415;16263;104829;9402;160169;8847;6311;8328;52350;4363;80199;8413;6104;7935;52479;5039;79970;10,78;7,75;10,15;65,45;5,87;11,03;7,87;10,38;65,28;5,44;10,52;7,63;9,92;65,62;6,30
42015;Carbonífera;2000;36300;26283;36103;229669;16423;344778;18566;13449;18466;113976;7093;171550;17734;12834;17637;115693;9330;173228;10,53;7,62;10,47;66,61;4,76;10,82;7,84;10,76;66,44;4,13;10,24;7,41;10,18;66,79;5,39
42016;Laguna;2000;29994;22388;30201;202306;19671;304560;15229;11432;15366;100445;8582;151054;14765;10956;14835;101861;11089;153506;9,85;7,35;9,92;66,43;6,46;10,08;7,57;10,17;66,50;5,68;9,62;7,14;9,66;66,36;7,22
43001;Região 01 - Verdes Campos;2000;39213;26929;35581;269896;33448;405067;19864;13628;18138;131930;13717;197277;19349;13301;17443;137966;19731;207790;9,68;6,65;8,78;66,63;8,26;10,07;6,91;9,19;66,88;6,95;9,31;6,40;8,39;66,40;9,50
43002;Região 02 - Entre Rios;2000;12507;8983;11694;84039;11343;128566;6349;4463;5934;41924;5071;63741;6158;4520;5760;42115;6272;64825;9,73;6,99;9,10;65,37;8,82;9,96;7,00;9,31;65,77;7,96;9,50;6,97;8,89;64,97;9,68
43003;Região 03 - Fronteira Oeste;2000;55640;35891;44978;314094;34513;485116;28206;18022;22805;155624;14607;239264;27434;17869;22173;158470;19906;245852;11,47;7,40;9,27;64,75;7,11;11,79;7,53;9,53;65,04;6,10;11,16;7,27;9,02;64,46;8,10
43004;Região 04 - Belas Praias;2000;12514;8689;11235;75898;7306;115642;6313;4519;5723;37992;3375;57922;6201;4170;5512;37906;3931;57720;10,82;7,51;9,72;65,63;6,32;10,90;7,80;9,88;65,59;5,83;10,74;7,22;9,55;65,67;6,81
43005;Região 05 - Bons Ventos;2000;18137;12319;15701;111459;12530;170146;9351;6305;7953;56031;5896;85536;8786;6014;7748;55428;6634;84610;10,66;7,24;9,23;65,51;7,36;10,93;7,37;9,30;65,51;6,89;10,38;7,11;9,16;65,51;7,84
43006;Região 06 - Vale do Paranhana e Costa S;2000;21689;14342;17722;127024;11508;192285;10989;7255;9045;64108;5004;96401;10700;7087;8677;62916;6504;95884;11,28;7,46;9,22;66,06;5,98;11,40;7,53;9,38;66,50;5,19;11,16;7,39;9,05;65,62;6,78
43007;Região 07 - Vale dos Sinos;2000;75634;50259;63661;466298;34485;690337;38680;25572;32302;230593;13699;340846;36954;24687;31359;235705;20786;349491;10,96;7,28;9,22;67,55;5,00;11,35;7,50;9,48;67,65;4,02;10,57;7,06;8,97;67,44;5,95
43008;Região 08 - Vale do Caí e Metropolitana;2000;71459;47237;61084;447789;39123;666692;36535;24071;30983;220275;15627;327491;34924;23166;30101;227514;23496;339201;10,72;7,09;9,16;67,17;5,87;11,16;7,35;9,46;67,26;4,77;10,30;6,83;8,87;67,07;6,93
43009;Região 09 - Carbonífera/Costa Doce;2000;39081;25896;33228;238254;24142;360601;20004;13339;17060;120228;10583;181214;19077;12557;16168;118026;13559;179387;10,84;7,18;9,21;66,07;6,69;11,04;7,36;9,41;66,35;5,84;10,63;7,00;9,01;65,79;7,56
43010;Região 10 - Capital e Vale do Gravataí;2000;217672;138696;178969;1432513;150014;2117864;111083;70358;91103;680643;54928;1008115;106589;68338;87866;751870;95086;1109749;10,28;6,55;8,45;67,64;7,08;11,02;6,98;9,04;67,52;5,45;9,60;6,16;7,92;67,75;8,57
43011;Região 11 - Sete Povos das Missões;2000;30817;21925;29221;196530;23120;301613;15911;11110;14968;97419;10124;149532;14906;10815;14253;99111;12996;152081;10,22;7,27;9,69;65,16;7,67;10,64;7,43;10,01;65,15;6,77;9,80;7,11;9,37;65,17;8,55
43012;Região 12 - Portal das Missões;2000;15717;10973;14399;101612;11873;154574;7970;5556;7250;49475;4958;75209;7747;5417;7149;52137;6915;79365;10,17;7,10;9,32;65,74;7,68;10,60;7,39;9,64;65,78;6,59;9,76;6,83;9,01;65,69;8,71
43013;Região 13 - Diversidade;2000;21166;15103;20358;147523;17710;221860;10958;7684;10406;73024;7597;109669;10208;7419;9952;74499;10113;112191;9,54;6,81;9,18;66,49;7,98;9,99;7,01;9,49;66,59;6,93;9,10;6,61;8,87;66,40;9,01
43014;Região 14 - Fronteira Noroeste;2000;21396;16375;21902;157901;18728;236302;10991;8380;11101;78554;8017;117043;10405;7995;10801;79347;10711;119259;9,05;6,93;9,27;66,82;7,93;9,39;7,16;9,48;67,12;6,85;8,72;6,70;9,06;66,53;8,98
43015;Região 15 - Caminho das Águas;2000;20042;14799;20044;127129;14878;196892;10221;7647;10342;63953;6591;98754;9821;7152;9702;63176;8287;98138;10,18;7,52;10,18;64,57;7,56;10,35;7,74;10,47;64,76;6,67;10,01;7,29;9,89;64,37;8,44
43016;Região 16 - Alto Uruguai Gaúcho;2000;22760;16808;21687;154467;18660;234382;11587;8490;11044;76814;7996;115931;11173;8318;10643;77653;10664;118451;9,71;7,17;9,25;65,90;7,96;9,99;7,32;9,53;66,26;6,90;9,43;7,02;8,99;65,56;9,00
43017;Região 17 - Planalto;2000;35523;24571;32673;237311;24753;354831;18285;12532;16589;115543;10315;173264;17238;12039;16084;121768;14438;181567;10,01;6,92;9,21;66,88;6,98;10,55;7,23;9,57;66,69;5,95;9,49;6,63;8,86;67,07;7,95
43018;Região 18 - Araucárias;2000;12284;8925;11676;82829;9753;125467;6340;4602;5915;41263;4417;62537;5944;4323;5761;41566;5336;62930;9,79;7,11;9,31;66,02;7,77;10,14;7,36;9,46;65,98;7,06;9,45;6,87;9,15;66,05;8,48
43019;Região 19 - Botucaraí;2000;12647;8724;11219;74912;8682;116184;6507;4464;5711;37803;3913;58398;6140;4260;5508;37109;4769;57786;10,89;7,51;9,66;64,48;7,47;11,14;7,64;9,78;64,73;6,70;10,63;7,37;9,53;64,22;8,25
43020;Região 20 - Rota da Produção;2000;17363;12245;16507;105230;12433;163778;8714;6235;8384;52117;5629;81079;8649;6010;8123;53113;6804;82699;10,60;7,48;10,08;64,25;7,59;10,75;7,69;10,34;64,28;6,94;10,46;7,27;9,82;64,22;8,23
43021;Região 21 - Sul;2000;83002;54812;70994;549914;69576;828298;42161;27760;36024;270982;28146;405073;40841;27052;34970;278932;41430;423225;10,02;6,62;8,57;66,39;8,40;10,41;6,85;8,89;66,90;6,95;9,65;6,39;8,26;65,91;9,79
43022;Região 22 - Pampa;2000;19244;12895;16468;117187;14916;180710;9688;6555;8303;57151;6093;87790;9556;6340;8165;60036;8823;92920;10,65;7,14;9,11;64,85;8,25;11,04;7,47;9,46;65,10;6,94;10,28;6,82;8,79;64,61;9,50
43023;Região 23 - Caxias e Hortênsias;2000;43855;29955;38832;307008;26115;445765;22038;15252;19713;151672;10654;219329;21817;14703;19119;155336;15461;226436;9,84;6,72;8,71;68,87;5,86;10,05;6,95;8,99;69,15;4,86;9,63;6,49;8,44;68,60;6,83
43024;Região 24 - Campos de Cima da Serra;2000;10311;6765;8418;59517;6860;91871;5311;3404;4297;29507;3197;45716;5000;3361;4121;30010;3663;46155;11,22;7,36;9,16;64,78;7,47;11,62;7,45;9,40;64,54;6,99;10,83;7,28;8,93;65,02;7,94
43025;Região 25 - Vinhedos e Basalto;2000;20417;14891;20268;168472;18660;242708;10263;7556;10366;84799;7658;120642;10154;7335;9902;83673;11002;122066;8,41;6,14;8,35;69,41;7,69;8,51;6,26;8,59;70,29;6,35;8,32;6,01;8,11;68,55;9,01
43026;Região 26 - Uva Vale;2000;14104;9964;13130;103978;10236;151412;7221;5093;6697;52696;4339;76046;6883;4871;6433;51282;5897;75366;9,31;6,58;8,67;68,67;6,76;9,50;6,70;8,81;69,29;5,71;9,13;6,46;8,54;68,04;7,82
43027;Região 27 - Jacuí Centro;2000;19647;13376;18299;133149;18053;202524;9997;6887;9362;66280;7657;100183;9650;6489;8937;66869;10396;102341;9,70;6,60;9,04;65,74;8,91;9,98;6,87;9,34;66,16;7,64;9,43;6,34;8,73;65,34;10,16
43028;Região 28 - Vinte e Oito;2000;30126;20459;26258;206447;24447;307737;15294;10437;13323;103024;9799;151877;14832;10022;12935;103423;14648;155860;9,79;6,65;8,53;67,09;7,94;10,07;6,87;8,77;67,83;6,45;9,52;6,43;8,30;66,36;9,40
43029;Região 29 - Vales e Montanhas;2000;16674;12690;16766;130329;16313;192772;8517;6532;8677;65633;6868;96227;8157;6158;8089;64696;9445;96545;8,65;6,58;8,70;67,61;8,46;8,85;6,79;9,02;68,21;7,14;8,45;6,38;8,38;67,01;9,78
43030;Região 30 - Vale da Luz;2000;9543;6967;9108;71275;8909;105802;4874;3561;4732;35761;3685;52613;4669;3406;4376;35514;5224;53189;9,02;6,58;8,61;67,37;8,42;9,26;6,77;8,99;67,97;7,00;8,78;6,40;8,23;66,77;9,82
50001;Campo Grande;2000;130662;89983;114668;730112;54604;1120029;66402;45851;58525;361452;26446;558676;64260;44132;56143;368660;28158;561353;11,67;8,03;10,24;65,19;4,88;11,89;8,21;10,48;64,70;4,73;11,45;7,86;10,00;65,67;5,02
50002;Corumbá;2000;15494;9940;12206;67969;5405;111014;7966;5117;6275;33906;2586;55850;7528;4823;5931;34063;2819;55164;13,96;8,95;11,00;61,23;4,87;14,26;9,16;11,24;60,71;4,63;13,65;8,74;10,75;61,75;5,11
50003;Dourados;2000;78167;54116;68542;398040;32374;631239;39639;27468;34718;198122;16721;316668;38528;26648;33824;199918;15653;314571;12,38;8,57;10,86;63,06;5,13;12,52;8,67;10,96;62,56;5,28;12,25;8,47;10,75;63,55;4,98
50004;Três Lagoas;2000;24262;16617;21703;141084;12053;215719;12316;8418;11072;70867;6157;108830;11946;8199;10631;70217;5896;106889;11,25;7,70;10,06;65,40;5,59;11,32;7,73;10,17;65,12;5,66;11,18;7,67;9,95;65,69;5,52
51001;Alto Tapajós;2000;11804;7879;9653;57606;3033;89975;6134;4035;4967;31024;1802;47962;5670;3844;4686;26582;1231;42013;13,12;8,76;10,73;64,02;3,37;12,79;8,41;10,36;64,68;3,76;13,50;9,15;11,15;63,27;2,93
51002;Baixada Cuiabana;2000;91344;63966;87200;528983;30555;802048;46486;32562;44190;260357;14580;398175;44858;31404;43010;268626;15975;403873;11,39;7,98;10,87;65,95;3,81;11,67;8,18;11,10;65,39;3,66;11,11;7,78;10,65;66,51;3,96
51003;Araguaia Xingu;2000;8516;5615;6776;36562;1781;59250;4346;2865;3520;20315;1105;32151;4170;2750;3256;16247;676;27099;14,37;9,48;11,44;61,71;3,01;13,52;8,91;10,95;63,19;3,44;15,39;10,15;12,02;59,95;2,49
51004;Centro Norte;2000;10843;7724;10067;52474;3751;84859;5460;3833;5217;27865;2148;44523;5383;3891;4850;24609;1603;40336;12,78;9,10;11,86;61,84;4,42;12,26;8,61;11,72;62,59;4,82;13,35;9,65;12,02;61,01;3,97
51005;Garças Araguaia;2000;13380;9420;11819;72681;4917;112217;6919;4789;6083;37080;2705;57576;6461;4631;5736;35601;2212;54641;11,92;8,39;10,53;64,77;4,38;12,02;8,32;10,57;64,40;4,70;11,82;8,48;10,50;65,15;4,05
51006;Médio Araguaia;2000;7810;5209;6471;37102;1802;58394;3964;2607;3322;19798;1016;30707;3846;2602;3149;17304;786;27687;13,37;8,92;11,08;63,54;3,09;12,91;8,49;10,82;64,47;3,31;13,89;9,40;11,37;62,50;2,84
51007;Médio Norte Matogrossense;2000;20414;13609;16699;99383;5112;155217;10438;6727;8456;52214;2834;80669;9976;6882;8243;47169;2278;74548;13,15;8,77;10,76;64,03;3,29;12,94;8,34;10,48;64,73;3,51;13,38;9,23;11,06;63,27;3,06
51008;Noroeste Matogrossense;2000;13728;8914;10607;61315;2540;97104;6821;4613;5476;33799;1551;52260;6907;4301;5131;27516;989;44844;14,14;9,18;10,92;63,14;2,62;13,05;8,83;10,48;64,67;2,97;15,40;9,59;11,44;61,36;2,21
51009;Norte Araguaia Karajá;2000;2737;1742;2263;11815;830;19387;1370;877;1148;6309;489;10193;1367;865;1115;5506;341;9194;14,12;8,99;11,67;60,94;4,28;13,44;8,60;11,26;61,90;4,80;14,87;9,41;12,13;59,89;3,71
51010;Norte Matogrossense;2000;8918;6005;7210;43358;2740;68231;4525;3108;3716;23038;1646;36033;4393;2897;3494;20320;1094;32198;13,07;8,80;10,57;63,55;4,02;12,56;8,63;10,31;63,94;4,57;13,64;9,00;10,85;63,11;3,40
51011;Oeste Matogrossense;2000;20789;14698;19484;111499;8040;174510;10631;7464;9979;56877;4327;89278;10158;7234;9505;54622;3713;85232;11,91;8,42;11,16;63,89;4,61;11,91;8,36;11,18;63,71;4,85;11,92;8,49;11,15;64,09;4,36
51012;Sudoeste Matogrossense;2000;12445;8541;10881;59611;3264;94742;6388;4362;5538;31399;1921;49608;6057;4179;5343;28212;1343;45134;13,14;9,02;11,48;62,92;3,45;12,88;8,79;11,16;63,29;3,87;13,42;9,26;11,84;62,51;2,98
51013;Sul Matogrossense;2000;41691;29096;37452;234231;15194;357664;21401;14841;19089;120234;8184;183749;20290;14255;18363;113997;7010;173915;11,66;8,14;10,47;65,49;4,25;11,65;8,08;10,39;65,43;4,45;11,67;8,20;10,56;65,55;4,03
51014;Teles Pires;2000;27864;17312;20730;125783;3964;195653;14402;8890;10639;66905;2154;102990;13462;8422;10091;58878;1810;92663;14,24;8,85;10,60;64,29;2,03;13,98;8,63;10,33;64,96;2,09;14,53;9,09;10,89;63,54;1,95
51015;Vale do Peixoto;2000;11516;8164;10047;52245;2364;84336;5851;4170;5084;28085;1387;44577;5665;3994;4963;24160;977;39759;13,65;9,68;11,91;61,95;2,80;13,13;9,35;11,40;63,00;3,11;14,25;10,05;12,48;60,77;2,46
51016;Vale dos Arinos;2000;6186;4658;5985;32266;1671;50766;3078;2433;3102;17121;1002;26736;3108;2225;2883;15145;669;24030;12,19;9,18;11,79;63,56;3,29;11,51;9,10;11,60;64,04;3,75;12,93;9,26;12,00;63,03;2,78
52001;Central;2000;141115;93966;126700;949976;64766;1376523;71775;47678;63877;451983;28282;663595;69340;46288;62823;497993;36484;712928;10,25;6,83;9,20;69,01;4,71;10,82;7,18;9,63;68,11;4,26;9,73;6,49;8,81;69,85;5,12
52002;Centro Sul;2000;74219;48129;60109;387766;22894;593117;38037;24594;30916;193961;11406;298914;36182;23535;29193;193805;11488;294203;12,51;8,11;10,13;65,38;3,86;12,73;8,23;10,34;64,89;3,82;12,30;8,00;9,92;65,87;3,90
52003;Entorno Norte;2000;27654;16878;21046;115404;6333;187315;14084;8637;10673;57936;3166;94496;13570;8241;10373;57468;3167;92819;14,76;9,01;11,24;61,61;3,38;14,90;9,14;11,29;61,31;3,35;14,62;8,88;11,18;61,91;3,41
52004;Entorno Sul;2000;87218;50201;55651;335986;13398;542454;44396;25563;28058;165943;6545;270505;42822;24638;27593;170043;6853;271949;16,08;9,25;10,26;61,94;2,47;16,41;9,45;10,37;61,35;2,42;15,75;9,06;10,15;62,53;2,52
52005;Estrada de Ferro;2000;21413;14758;19432;139450;11999;207052;10926;7630;9985;70170;5807;104518;10487;7128;9447;69280;6192;102534;10,34;7,13;9,39;67,35;5,80;10,45;7,30;9,55;67,14;5,56;10,23;6,95;9,21;67,57;6,04
52006;Nordeste I;2000;5536;3859;5398;23981;2072;40846;2832;1984;2744;12511;1100;21171;2704;1875;2654;11470;972;19675;13,55;9,45;13,22;58,71;5,07;13,38;9,37;12,96;59,09;5,20;13,74;9,53;13,49;58,30;4,94
52007;Nordeste II;2000;10551;7446;10460;50619;3930;83006;5414;3732;5259;26271;1956;42632;5137;3714;5201;24348;1974;40374;12,71;8,97;12,60;60,98;4,73;12,70;8,75;12,34;61,62;4,59;12,72;9,20;12,88;60,31;4,89
52008;Norte;2000;16024;11153;14917;89858;6753;138705;8212;5761;7685;45772;3731;71161;7812;5392;7232;44086;3022;67544;11,55;8,04;10,75;64,78;4,87;11,54;8,10;10,80;64,32;5,24;11,57;7,98;10,71;65,27;4,47
52009;Oeste I;2000;11479;8684;11239;76289;7213;114904;5711;4516;5790;38422;3894;58333;5768;4168;5449;37867;3319;56571;9,99;7,56;9,78;66,39;6,28;9,79;7,74;9,93;65,87;6,68;10,20;7,37;9,63;66,94;5,87
52010;Oeste II;2000;9611;7096;9292;64767;6256;97022;4872;3648;4756;32496;3249;49021;4739;3448;4536;32271;3007;48001;9,91;7,31;9,58;66,75;6,45;9,94;7,44;9,70;66,29;6,63;9,87;7,18;9,45;67,23;6,26
52011;Pirineus;2000;44140;28501;37621;251357;19269;380888;22639;14516;19100;122937;9038;188230;21501;13985;18521;128420;10231;192658;11,59;7,48;9,88;65,99;5,06;12,03;7,71;10,15;65,31;4,80;11,16;7,26;9,61;66,66;5,31
52012;Rio Vermelho;2000;19699;13824;18986;122810;10233;185552;10080;7102;9630;62611;5314;94737;9619;6722;9356;60199;4919;90815;10,62;7,45;10,23;66,19;5,51;10,64;7,50;10,16;66,09;5,61;10,59;7,40;10,30;66,29;5,42
52013;São Patrício I;2000;16716;11994;15847;103845;9383;157785;8535;6171;8009;52707;4860;80282;8181;5823;7838;51138;4523;77503;10,59;7,60;10,04;65,81;5,95;10,63;7,69;9,98;65,65;6,05;10,56;7,51;10,11;65,98;5,84
52014;Serra da Mesa;2000;12593;8890;12118;70757;5959;110317;6309;4540;6239;36016;3207;56311;6284;4350;5879;34741;2752;54006;11,42;8,06;10,98;64,14;5,40;11,20;8,06;11,08;63,96;5,70;11,64;8,05;10,89;64,33;5,10
52015;Sudoeste I;2000;31885;22121;29350;193754;15171;292281;16231;11249;14965;97794;7925;148164;15654;10872;14385;95960;7246;144117;10,91;7,57;10,04;66,29;5,19;10,95;7,59;10,10;66,00;5,35;10,86;7,54;9,98;66,58;5,03
52016;Sudoeste II;2000;18519;12700;16427;106419;8867;162932;9379;6458;8320;53901;4523;82581;9140;6242;8107;52518;4344;80351;11,37;7,79;10,08;65,31;5,44;11,36;7,82;10,07;65,27;5,48;11,38;7,77;10,09;65,36;5,41
52017;Sul;2000;20847;14954;19379;138215;12911;206306;10704;7609;9939;68846;6496;103594;10143;7345;9440;69369;6415;102712;10,10;7,25;9,39;67,00;6,26;10,33;7,35;9,59;66,46;6,27;9,88;7,15;9,19;67,54;6,25
52018;São Patrício II;2000;15147;10017;13236;81321;6502;126223;7782;5034;6745;41228;3404;64193;7365;4983;6491;40093;3098;62030;12,00;7,94;10,49;64,43;5,15;12,12;7,84;10,51;64,23;5,30;11,87;8,03;10,46;64,63;4,99
53001;Distrito Federal;2000;241651;150753;190675;1400541;67526;2051146;122692;76068;95349;658526;28721;981356;118959;74685;95326;742015;38805;1069790;11,78;7,35;9,30;68,28;3,29;12,50;7,75;9,72;67,10;2,93;11,12;6,98;8,91;69,36;3,63
55;Brasil;2000;19821308;13096747;17348067;109597948;9935100;169799170;10079758;6649521;8777639;53688522;4380575;83576015;9741550;6447226;8570428;55909426;5554525;86223155;11,67;7,71;10,22;64,55;5,85;12,06;7,96;10,50;64,24;5,24;11,30;7,48;9,94;64,84;6,44
